0.98 0.98 13.72 -21.5575 -107.076 34.1978 
2.94 2.94 13.72 -27.2519 198.356 -5.7485 
0.98 4.9 13.72 -101.338 -44.1816 38.8953 
2.94 6.86 13.72 19.0156 69.7375 -321.914 
0.98 8.82 13.72 16.8809 -42.1748 186.247 
2.94 10.78 13.72 71.8574 65.7399 -30.0665 
0.98 12.74 13.72 -147.25 -42.478 -95.5517 
2.94 14.7 13.72 -112.253 -135.72 -101.294 
0.98 16.66 13.72 -131.867 -118.608 -94.7115 
2.94 18.62 13.72 183.896 51.8911 13.6125 
0.98 20.58 13.72 177.743 70.5576 -161.723 
2.94 22.54 13.72 62.6803 -9.20877 22.3458 
0.98 24.5 13.72 68.6709 106.441 -38.4631 
2.94 26.46 13.72 72.7228 -96.9488 -104.432 
0.98 28.42 13.72 -104.799 -167.585 49.1716 
2.94 30.38 13.72 226.1 -45.4865 93.1145 
0.98 32.34 13.72 -84.3376 -70.8199 -103.104 
2.94 34.3 13.72 -117.404 -19.3578 158.408 
0.98 36.26 13.72 7.92366 -86.8378 -133.298 
2.94 38.22 13.72 115.306 21.4177 117.974 
0.98 40.18 13.72 177.64 -148.994 -74.3489 
2.94 42.14 13.72 -9.54079 -242.973 -76.049 
0.98 44.1 13.72 26.7246 70.6653 -90.03 
2.94 46.06 13.72 -30.973 120.175 157.581 
4.9 0.98 13.72 117.435 -150.671 -47.9288 
6.86 2.94 13.72 -43.7273 26.1218 -129.146 
4.9 4.9 13.72 -175.496 41.4415 37.657 
6.86 6.86 13.72 -128.862 -143.124 -218.286 
4.9 8.82 13.72 -191.69 122.046 52.9751 
6.86 10.78 13.72 101.854 -102.854 -87.465 
4.9 12.74 13.72 122.793 -122.806 74.2853 
6.86 14.7 13.72 4.93218 -52.7919 -123.201 
4.9 16.66 13.72 16.9552 80.5097 -57.164 
6.86 18.62 13.72 22.6814 -81.5197 52.3519 
4.9 20.58 13.72 179.362 -6.23881 95.6329 
6.86 22.54 13.72 -135.232 25.0142 -124.397 
4.9 24.5 13.72 56.6635 353.173 -5.35619 
6.86 26.46 13.72 -57.798 104.593 -23.563 
4.9 28.42 13.72 -44.9392 155.706 114.099 
6.86 30.38 13.72 108.76 -28.9292 8.73706 
4.9 32.34 13.72 36.3369 151.462 -108.295 
6.86 34.3 13.72 11.3485 -163.362 -106.65 
4.9 36.26 13.72 -161.641 -214.363 24.571 
6.86 38.22 13.72 142.848 135.546 93.2361 
4.9 40.18 13.72 114.41 -170.829 169.688 
6.86 42.14 13.72 -61.3536 -57.5332 -95.6855 
4.9 44.1 13.72 -11.7063 4.99299 43.5668 
6.86 46.06 13.72 -143.103 -92.8267 39.7881 
8.82 0.98 13.72 -81.0461 -80.7896 -67.6637 
10.78 2.94 13.72 28.919 -190.948 132.065 
8.82 4.9 13.72 69.8521 175.023 -34.5227 
10.78 6.86 13.72 -47.7039 18.6385 80.2102 
8.82 8.82 13.72 -56.8315 -134.096 90.1485 
10.78 10.78 13.72 -53.0561 11.842 65.5472 
8.82 12.74 13.72 199.338 -81.5179 116.503 
10.78 14.7 13.72 -55.0871 219.763 132.529 
8.82 16.66 13.72 -81.1842 53.672 -20.1062 
10.78 18.62 13.72 -22.7243 152.741 -44.9358 
8.82 20.58 13.72 -122.329 -159.33 92.5258 
10.78 22.54 13.72 95.8091 -69.4958 123.965 
8.82 24.5 13.72 31.0571 60.8841 -32.2835 
10.78 26.46 13.72 -61.1257 42.9851 37.4692 
8.82 28.42 13.72 -109.464 -23.1794 1.67267 
10.78 30.38 13.72 -48.6211 -54.3322 -52.6193 
8.82 32.34 13.72 -18.2623 -183.999 -245.646 
10.78 34.3 13.72 133.66 12.1983 -35.587 
8.82 36.26 13.72 -68.7102 -30.0493 93.1093 
10.78 38.22 13.72 -58.3815 24.6665 33.1264 
8.82 40.18 13.72 84.1332 4.07474 -79.9371 
10.78 42.14 13.72 -70.6461 180.956 49.8023 
8.82 44.1 13.72 50.0164 69.3247 -125.553 
10.78 46.06 13.72 -66.2806 147.769 -39.0672 
12.74 0.98 13.72 -16.7875 104.867 27.524 
14.7 2.94 13.72 71.2465 -102.102 88.8728 
12.74 4.9 13.72 116.252 -56.443 -5.58088 
14.7 6.86 13.72 -286.144 16.8857 89.4845 
12.74 8.82 13.72 20.0879 0.696706 49.6316 
14.7 10.78 13.72 -3.96653 38.5373 -199.862 
12.74 12.74 13.72 -197.011 -8.06013 59.9869 
14.7 14.7 13.72 -143.502 33.2389 116.867 
12.74 16.66 13.72 -58.5567 -161.627 96.0447 
14.7 18.62 13.72 -97.1496 -262.774 -70.2446 
12.74 20.58 13.72 -19.8374 -152.648 87.0206 
14.7 22.54 13.72 -5.37174 -270.153 33.8093 
12.74 24.5 13.72 44.139 53.9851 83.4126 
14.7 26.46 13.72 59.4408 33.3762 66.1913 
12.74 28.42 13.72 124.651 106.544 62.4659 
14.7 30.38 13.72 -119.674 303.847 -190.435 
12.74 32.34 13.72 -70.1605 -177.608 -125.041 
14.7 34.3 13.72 72.8955 -137.489 39.0283 
12.74 36.26 13.72 101.618 -128.527 -5.63 
14.7 38.22 13.72 -54.6416 109.24 3.1537 
12.74 40.18 13.72 -126.716 -147.595 -180.403 
14.7 42.14 13.72 -46.6882 36.6426 4.46389 
12.74 44.1 13.72 95.1517 -39.2357 -123.105 
14.7 46.06 13.72 57.4274 156.993 -15.2062 
16.66 0.98 13.72 52.8656 -66.2148 -247.078 
18.62 2.94 13.72 -92.3535 268.916 -103.04 
16.66 4.9 13.72 114.583 -53.2638 149.098 
18.62 6.86 13.72 -90.0531 221.865 -75.1572 
16.66 8.82 13.72 -102.522 -180.709 -44.3509 
18.62 10.78 13.72 -74.7492 4.37861 31.9747 
16.66 12.74 13.72 110.605 54.4853 80.4017 
18.62 14.7 13.72 39.4893 41.3502 60.0545 
16.66 16.66 13.72 -293.246 -116.339 217.496 
18.62 18.62 13.72 19.684 -91.2375 87.0311 
16.66 20.58 13.72 -66.5156 -206.957 110.054 
18.62 22.54 13.72 -213.678 -19.4569 145.864 
16.66 24.5 13.72 -87.0768 -70.2776 -27.1059 
18.62 26.46 13.72 64.3342 -6.80766 -22.2817 
16.66 28.42 13.72 -332.687 -30.1806 31.7651 
18.62 30.38 13.72 -31.3345 -95.935 168.936 
16.66 32.34 13.72 52.2284 -216.707 33.0121 
18.62 34.3 13.72 103.72 112.5 122.814 
16.66 36.26 13.72 152.804 135.296 48.2253 
18.62 38.22 13.72 60.5292 -141.283 -28.8428 
16.66 40.18 13.72 -82.0548 190.945 49.3355 
18.62 42.14 13.72 -26.0796 -82.7292 204.919 
16.66 44.1 13.72 -8.18293 24.9316 161.911 
18.62 46.06 13.72 -59.7225 -95.9471 70.3915 
20.58 0.98 13.72 -220.978 -59.8298 68.6567 
22.54 2.94 13.72 78.0895 -69.6864 92.185 
20.58 4.9 13.72 21.7109 -91.5666 -288.406 
22.54 6.86 13.72 8.45308 67.5453 -10.5188 
20.58 8.82 13.72 -5.98868 -12.5334 13.1131 
22.54 10.78 13.72 -151.409 145.662 16.3875 
20.58 12.74 13.72 -26.4226 2.61308 -112.947 
22.54 14.7 13.72 75.8813 55.9267 -32.6909 
20.58 16.66 13.72 6.09872 230.441 132.35 
22.54 18.62 13.72 -20.6485 -140.319 -243.138 
20.58 20.58 13.72 -43.5897 -99.812 -107.139 
22.54 22.54 13.72 -2.02201 109.225 123.376 
20.58 24.5 13.72 -53.581 80.3484 165.943 
22.54 26.46 13.72 26.6097 -109.296 -99.8165 
20.58 28.42 13.72 5.27204 -44.3199 49.6416 
22.54 30.38 13.72 -219.571 28.9067 -22.727 
20.58 32.34 13.72 -9.48871 -80.0268 -83.8265 
22.54 34.3 13.72 200.807 122.558 128.321 
20.58 36.26 13.72 -148.255 -38.8439 -0.136526 
22.54 38.22 13.72 64.6027 124.608 48.8694 
20.58 40.18 13.72 -213.176 -50.5887 -111.988 
22.54 42.14 13.72 48.3186 64.347 94.5289 
20.58 44.1 13.72 -209.858 -42.5449 -84.9129 
22.54 46.06 13.72 87.0658 63.613 131.863 
24.5 0.98 13.72 25.0567 -146.156 -79.0291 
26.46 2.94 13.72 -8.33964 101.85 64.3403 
24.5 4.9 13.72 40.9274 -63.7815 100.156 
26.46 6.86 13.72 23.2893 92.6598 190.225 
24.5 8.82 13.72 -115.017 69.0944 -331.041 
26.46 10.78 13.72 39.2081 68.156 -53.9122 
24.5 12.74 13.72 -30.6052 -0.974541 -81.0883 
26.46 14.7 13.72 -18.0707 178.204 159.022 
24.5 16.66 13.72 16.115 169.296 -23.8313 
26.46 18.62 13.72 -28.292 171.301 107.412 
24.5 20.58 13.72 -110.931 172.946 107.978 
26.46 22.54 13.72 -17.5365 55.2953 127.316 
24.5 24.5 13.72 -21.2093 -39.3824 -96.2809 
26.46 26.46 13.72 39.297 -9.54328 49.9531 
24.5 28.42 13.72 -82.3459 43.687 -204.794 
26.46 30.38 13.72 211.888 -59.4626 -10.349 
24.5 32.34 13.72 -86.6727 153.594 173.016 
26.46 34.3 13.72 -104.476 36.6727 175.271 
24.5 36.26 13.72 33.1221 19.4548 37.5333 
26.46 38.22 13.72 -56.2413 -97.8388 -92.8605 
24.5 40.18 13.72 7.80005 -184.531 34.0804 
26.46 42.14 13.72 159.879 172.203 -54.6618 
24.5 44.1 13.72 -167.928 -34.2756 -1.26182 
26.46 46.06 13.72 -162.094 44.7707 -120.879 
28.42 0.98 13.72 -68.7142 -25.0969 -79.1756 
30.38 2.94 13.72 70.3715 163.259 -25.2376 
28.42 4.9 13.72 -25.11 -139.942 -65.1983 
30.38 6.86 13.72 -112.379 214.152 -20.2867 
28.42 8.82 13.72 -17.3355 7.29343 -43.5044 
30.38 10.78 13.72 -61.8408 -104.712 -121.412 
28.42 12.74 13.72 -40.6197 245.712 -25.0541 
30.38 14.7 13.72 88.442 -16.1577 139.006 
28.42 16.66 13.72 31.6492 -2.26482 -178.291 
30.38 18.62 13.72 -51.9787 -18.4244 -94.8618 
28.42 20.58 13.72 -66.4961 -275.199 -255.133 
30.38 22.54 13.72 -79.9083 85.3245 -37.9298 
28.42 24.5 13.72 -123.435 -65.4239 -25.5749 
30.38 26.46 13.72 -137.543 -5.01638 133.446 
28.42 28.42 13.72 97.2137 -106.643 54.6146 
30.38 30.38 13.72 -61.8426 15.4343 127.797 
28.42 32.34 13.72 5.51268 -51.5398 -138.695 
30.38 34.3 13.72 11.8591 7.01795 -1.83999 
28.42 36.26 13.72 58.0599 -25.448 -164.207 
30.38 38.22 13.72 -16.2556 -115.175 153.447 
28.42 40.18 13.72 -28.1765 90.8068 -0.968746 
30.38 42.14 13.72 0.7872 -58.4246 -64.4738 
28.42 44.1 13.72 55.2075 -178.136 167.778 
30.38 46.06 13.72 76.6726 -164.384 11.867 
32.34 0.98 13.72 90.2543 -63.6866 114.128 
34.3 2.94 13.72 56.4438 247.33 -110.273 
32.34 4.9 13.72 43.8805 -92.2112 -0.545105 
34.3 6.86 13.72 51.8947 41.96 74.4251 
32.34 8.82 13.72 11.7745 -67.6321 102.561 
34.3 10.78 13.72 -66.9021 -4.69557 -29.8041 
32.34 12.74 13.72 -3.67908 35.338 145.683 
34.3 14.7 13.72 37.3812 131.596 3.77788 
32.34 16.66 13.72 -99.1333 0.753551 -169.727 
34.3 18.62 13.72 98.6174 -53.5495 -40.081 
32.34 20.58 13.72 -155.882 35.5512 -28.0863 
34.3 22.54 13.72 -131.199 91.1601 121.824 
32.34 24.5 13.72 -8.98169 -145.284 -74.6367 
34.3 26.46 13.72 -174.918 -49.552 146.211 
32.34 28.42 13.72 160.544 -4.64339 -120.415 
34.3 30.38 13.72 -16.6236 45.9779 -13.9265 
32.34 32.34 13.72 -76.4275 -28.9938 -5.94145 
34.3 34.3 13.72 -123.055 -57.9057 -70.3487 
32.34 36.26 13.72 -18.6523 -49.3816 14.9236 
34.3 38.22 13.72 59.5769 41.6472 47.8843 
32.34 40.18 13.72 59.7974 112.892 -16.4386 
34.3 42.14 13.72 113.818 -112.012 -18.0355 
32.34 44.1 13.72 -54.6419 -247.047 -82.4806 
34.3 46.06 13.72 151.604 140.909 218.157 
36.26 0.98 13.72 -41.1796 120.576 104.035 
38.22 2.94 13.72 20.9009 -171.903 -3.77536 
36.26 4.9 13.72 15.2273 83.8651 -43.039 
38.22 6.86 13.72 -54.3271 53.2053 -21.4238 
36.26 8.82 13.72 -73.1165 27.9313 -94.822 
38.22 10.78 13.72 14.7591 228.58 -94.3992 
36.26 12.74 13.72 191.439 11.6251 197.994 
38.22 14.7 13.72 -160.202 36.4497 -193.202 
36.26 16.66 13.72 -58.8591 151.996 70.1739 
38.22 18.62 13.72 82.001 46.9696 -1.01672 
36.26 20.58 13.72 185.23 267.729 -160.333 
38.22 22.54 13.72 136.137 -126.407 30.3088 
36.26 24.5 13.72 90.2107 -82.5493 49.9987 
38.22 26.46 13.72 124.317 -105.429 -32.0773 
36.26 28.42 13.72 140.605 -137.995 -4.54541 
38.22 30.38 13.72 -0.197124 151.721 -122.891 
36.26 32.34 13.72 7.06932 171.555 61.0795 
38.22 34.3 13.72 -24.9483 -238.797 -111.234 
36.26 36.26 13.72 26.2549 -83.5148 -123.774 
38.22 38.22 13.72 7.21078 85.182 -47.092 
36.26 40.18 13.72 100.505 236.071 -75.281 
38.22 42.14 13.72 120.823 -9.91111 -240.534 
36.26 44.1 13.72 8.23224 -64.1108 120.75 
38.22 46.06 13.72 -156.49 -129.742 -344.19 
40.18 0.98 13.72 -92.179 92.1251 22.2549 
42.14 2.94 13.72 134.564 171.466 -24.0151 
40.18 4.9 13.72 -47.0153 -7.19841 71.6739 
42.14 6.86 13.72 -37.045 -105.567 -62.7134 
40.18 8.82 13.72 -21.5588 -104.18 -34.5245 
42.14 10.78 13.72 -100.08 -5.461 44.6266 
40.18 12.74 13.72 -101.101 -157.888 103.565 
42.14 14.7 13.72 38.6159 -358.353 -88.1449 
40.18 16.66 13.72 -1.45838 74.6366 96.0994 
42.14 18.62 13.72 133.283 45.5986 -213.846 
40.18 20.58 13.72 80.0692 132.463 -88.9603 
42.14 22.54 13.72 -38.2055 154.195 -60.8216 
40.18 24.5 13.72 -32.1154 -5.58675 -153.813 
42.14 26.46 13.72 -73.4147 -15.6852 -43.8218 
40.18 28.42 13.72 11.5037 99.3478 -116.248 
42.14 30.38 13.72 -41.532 120.223 -31.8834 
40.18 32.34 13.72 -74.5616 63.7521 231.945 
42.14 34.3 13.72 -2.50254 5.2386 98.1193 
40.18 36.26 13.72 -14.2358 -137.051 308.583 
42.14 38.22 13.72 -116.15 -193.312 94.1041 
40.18 40.18 13.72 2.28976 115.262 -135.336 
42.14 42.14 13.72 132.149 -4.91866 -34.4421 
40.18 44.1 13.72 -4.48376 88.8294 -103.669 
42.14 46.06 13.72 108.922 -11.9625 134.531 
44.1 0.98 13.72 -22.4849 156.684 -67.6818 
46.06 2.94 13.72 -44.706 -77.98 79.3467 
44.1 4.9 13.72 88.792 105.051 -37.0231 
46.06 6.86 13.72 -126.955 105.099 -169.522 
44.1 8.82 13.72 93.3489 -143.553 152.664 
46.06 10.78 13.72 -72.7487 150.872 -205.587 
44.1 12.74 13.72 -276.42 -17.3892 65.0297 
46.06 14.7 13.72 -146.073 -136.898 -8.09523 
44.1 16.66 13.72 -44.0053 26.5718 138.895 
46.06 18.62 13.72 81.5129 76.2189 -67.2673 
44.1 20.58 13.72 94.4926 206.927 84.5471 
46.06 22.54 13.72 -45.6535 -29.6893 62.645 
44.1 24.5 13.72 -93.0245 87.3669 -195.646 
46.06 26.46 13.72 -215.054 -54.1259 -131.601 
44.1 28.42 13.72 -40.7687 28.8488 -134.329 
46.06 30.38 13.72 141.249 -31.6306 -87.229 
44.1 32.34 13.72 161.143 15.298 -101.169 
46.06 34.3 13.72 -59.0154 -131.367 73.6162 
44.1 36.26 13.72 21.5496 43.3392 -19.7577 
46.06 38.22 13.72 213.337 6.86538 63.1467 
44.1 40.18 13.72 -143.956 -15.9131 -14.967 
46.06 42.14 13.72 -13.5638 -130.256 115.98 
44.1 44.1 13.72 -94.4024 -167.808 234.089 
46.06 46.06 13.72 -216.201 -6.14778 -89.8355 
0.98 2.94 15.68 154.07 51.8668 103.119 
2.94 0.98 15.68 -237.911 1.30269 180.795 
0.98 6.86 15.68 66.2343 -302.53 -37.9919 
2.94 4.9 15.68 1.03904 129.751 37.4034 
0.98 10.78 15.68 73.2108 -1.72039 -45.8482 
2.94 8.82 15.68 -34.4016 52.3701 129.28 
0.98 14.7 15.68 8.01979 -204.259 233.79 
2.94 12.74 15.68 99.58 -58.299 -196.903 
0.98 18.62 15.68 -154.466 46.2745 30.9616 
2.94 16.66 15.68 54.002 -126.869 14.638 
0.98 22.54 15.68 257.818 -77.685 62.5014 
2.94 20.58 15.68 32.9647 38.4485 -231.816 
0.98 26.46 15.68 -121.61 29.8438 227.568 
2.94 24.5 15.68 -132.079 -40.6107 -195.261 
0.98 30.38 15.68 61.1685 105.773 -17.5768 
2.94 28.42 15.68 326.048 -26.2931 104.32 
0.98 34.3 15.68 48.8533 -132.385 15.4455 
2.94 32.34 15.68 -8.65772 49.4729 164.447 
0.98 38.22 15.68 2.241 -100.524 76.1756 
2.94 36.26 15.68 -77.4764 -143.485 -45.668 
0.98 42.14 15.68 52.0181 39.9764 119.751 
2.94 40.18 15.68 -169.034 57.9824 -26.6302 
0.98 46.06 15.68 -119.595 45.8677 -40.2387 
2.94 44.1 15.68 -24.4036 -37.265 -5.99753 
4.9 2.94 15.68 127.358 16.2831 26.5281 
6.86 0.98 15.68 129.731 45.8542 47.1485 
4.9 6.86 15.68 51.5184 35.0584 13.5714 
6.86 4.9 15.68 -5.18541 80.9601 -70.3632 
4.9 10.78 15.68 46.2277 -83.8978 8.83277 
6.86 8.82 15.68 44.5522 83.2991 30.8481 
4.9 14.7 15.68 40.6762 46.5348 -94.0574 
6.86 12.74 15.68 -64.6756 -154.512 62.829 
4.9 18.62 15.68 68.7631 -92.4982 40.4871 
6.86 16.66 15.68 -62.0932 -118.091 -137.717 
4.9 22.54 15.68 -59.2068 -10.3291 -148.96 
6.86 20.58 15.68 -124.502 13.0134 49.1927 
4.9 26.46 15.68 -35.3547 78.5776 -120.107 
6.86 24.5 15.68 38.6993 -25.6612 -20.3543 
4.9 30.38 15.68 -46.8216 62.3245 100.126 
6.86 28.42 15.68 -143.509 91.5678 -111.121 
4.9 34.3 15.68 -55.7624 59.1509 -20.7549 
6.86 32.34 15.68 -114.249 -183.702 -74.1929 
4.9 38.22 15.68 46.7932 52.0479 -170.449 
6.86 36.26 15.68 266.445 12.31 -56.4003 
4.9 42.14 15.68 192.648 80.7551 32.5822 
6.86 40.18 15.68 -145.603 59.4997 63.5843 
4.9 46.06 15.68 80.8778 -32.7302 114.66 
6.86 44.1 15.68 -2.89755 -5.10912 46.5628 
8.82 2.94 15.68 31.97 -65.7239 42.6777 
10.78 0.98 15.68 -40.6995 58.1958 79.1331 
8.82 6.86 15.68 188.034 -9.53946 -118.912 
10.78 4.9 15.68 -151.558 62.2041 151.173 
8.82 10.78 15.68 64.963 125.411 -48.9505 
10.78 8.82 15.68 59.223 -202.633 101.563 
8.82 14.7 15.68 123.354 -79.8474 103.625 
10.78 12.74 15.68 -147.894 93.9006 83.5198 
8.82 18.62 15.68 7.4507 89.2395 -64.5824 
10.78 16.66 15.68 -57.677 -70.1956 -0.956469 
8.82 22.54 15.68 -131.113 19.6159 115.054 
10.78 20.58 15.68 -34.7274 32.7844 275.61 
8.82 26.46 15.68 180.686 -118.532 28.2143 
10.78 24.5 15.68 104.07 38.7211 37.9193 
8.82 30.38 15.68 -45.9857 -226.271 123.544 
10.78 28.42 15.68 -48.6113 18.416 -78.4061 
8.82 34.3 15.68 20.9306 -165.756 57.5776 
10.78 32.34 15.68 -125.165 -193.843 96.3986 
8.82 38.22 15.68 91.5964 240.952 -182.744 
10.78 36.26 15.68 57.9796 -131.268 -74.1568 
8.82 42.14 15.68 -81.6596 -192.857 -175.189 
10.78 40.18 15.68 148.671 -178.837 -29.898 
8.82 46.06 15.68 -197.297 -104.272 -33.2603 
10.78 44.1 15.68 -60.7802 54.8228 14.1618 
12.74 2.94 15.68 -14.2283 -49.1634 104.814 
14.7 0.98 15.68 -115.068 255.064 -127.007 
12.74 6.86 15.68 -72.4779 -26.3363 -64.4594 
14.7 4.9 15.68 -55.4541 20.9288 -46.5579 
12.74 10.78 15.68 93.2875 18.1671 77.7817 
14.7 8.82 15.68 134.315 -197.135 -70.263 
12.74 14.7 15.68 115.285 182.619 -205.793 
14.7 12.74 15.68 29.6635 44.3717 -135.926 
12.74 18.62 15.68 58.4149 -131.475 -51.2651 
14.7 16.66 15.68 51.646 -107.04 -13.6419 
12.74 22.54 15.68 16.8512 15.9125 -15.6398 
14.7 20.58 15.68 220.598 245.058 96.918 
12.74 26.46 15.68 -109.983 -27.4459 -68.3579 
14.7 24.5 15.68 -1.0141 128.688 9.71089 
12.74 30.38 15.68 153.966 -53.0838 81.1289 
14.7 28.42 15.68 -44.8481 -66.0173 -7.94798 
12.74 34.3 15.68 -144.159 48.9301 69.2647 
14.7 32.34 15.68 -181.816 -102.252 -176.212 
12.74 38.22 15.68 -73.1456 2.85402 148.012 
14.7 36.26 15.68 44.7196 127.417 -45.3967 
12.74 42.14 15.68 -50.4715 -70.6494 185.725 
14.7 40.18 15.68 1.58741 163.463 94.9512 
12.74 46.06 15.68 -126.127 169.94 -143.466 
14.7 44.1 15.68 168.375 153.351 99.541 
16.66 2.94 15.68 123.628 -16.7875 -65.2445 
18.62 0.98 15.68 -185.214 -60.782 -32.5785 
16.66 6.86 15.68 -94.7024 -131.863 171.447 
18.62 4.9 15.68 5.24348 -100.086 3.7388 
16.66 10.78 15.68 108.828 -51.4424 40.2884 
18.62 8.82 15.68 -16.4571 13.8476 -31.0376 
16.66 14.7 15.68 -2.02562 -24.3096 -157.689 
18.62 12.74 15.68 -172.99 -138.962 141.436 
16.66 18.62 15.68 -10.2207 -231.602 140.935 
18.62 16.66 15.68 45.6701 -4.78817 128.203 
16.66 22.54 15.68 58.8421 -129.509 115.59 
18.62 20.58 15.68 -13.3357 179.71 76.6743 
16.66 26.46 15.68 15.8648 -73.8471 22.8467 
18.62 24.5 15.68 -241.019 -178.619 -74.1838 
16.66 30.38 15.68 -106.157 -38.5032 -96.2776 
18.62 28.42 15.68 -69.5219 -116.131 -7.73475 
16.66 34.3 15.68 55.638 79.3455 33.3636 
18.62 32.34 15.68 -24.456 89.3589 135.807 
16.66 38.22 15.68 -13.8754 -74.8745 -66.3149 
18.62 36.26 15.68 80.5603 -18.0142 7.71721 
16.66 42.14 15.68 52.1511 -12.8236 26.1551 
18.62 40.18 15.68 50.9138 160.694 293.209 
16.66 46.06 15.68 2.38261 -22.0782 -21.6907 
18.62 44.1 15.68 -99.0715 29.6812 53.6246 
20.58 2.94 15.68 -64.1538 184.849 -61.2055 
22.54 0.98 15.68 22.7511 -96.1867 -127.5 
20.58 6.86 15.68 68.5593 4.44421 -449.994 
22.54 4.9 15.68 211.167 -70.5148 -241.234 
20.58 10.78 15.68 249.705 89.9547 172.291 
22.54 8.82 15.68 -39.1639 65.432 153.556 
20.58 14.7 15.68 60.4636 -75.0707 -116.396 
22.54 12.74 15.68 109.617 -60.7888 -25.6366 
20.58 18.62 15.68 -212.171 103.526 -73.0605 
22.54 16.66 15.68 50.4653 -140.078 99.7347 
20.58 22.54 15.68 -73.5385 84.5397 -39.2353 
22.54 20.58 15.68 -13.1442 -29.205 45.4071 
20.58 26.46 15.68 56.1168 -53.8163 54.1011 
22.54 24.5 15.68 174.623 11.9565 -71.0167 
20.58 30.38 15.68 -115.852 -136.336 -21.8798 
22.54 28.42 15.68 13.9785 44.2365 48.7864 
20.58 34.3 15.68 -90.3813 29.3952 -82.3495 
22.54 32.34 15.68 37.709 96.4622 -313.522 
20.58 38.22 15.68 23.0553 -78.5251 125.705 
22.54 36.26 15.68 10.8902 16.8882 -211.952 
20.58 42.14 15.68 28.4594 69.8466 17.4057 
22.54 40.18 15.68 -124.585 -27.8541 153.794 
20.58 46.06 15.68 52.4273 82.3157 198.143 
22.54 44.1 15.68 -142.394 59.5324 38.3421 
24.5 2.94 15.68 0.391333 -115.313 145.586 
26.46 0.98 15.68 57.0404 -297.226 164.905 
24.5 6.86 15.68 24.8875 -114.818 -161.611 
26.46 4.9 15.68 -142.698 0.899677 54.6263 
24.5 10.78 15.68 -39.1698 49.4334 -23.2959 
26.46 8.82 15.68 -12.0894 87.5534 113.912 
24.5 14.7 15.68 -54.1166 -168.33 93.3642 
26.46 12.74 15.68 26.7626 -113.013 33.5145 
24.5 18.62 15.68 -134.994 64.3487 106.314 
26.46 16.66 15.68 -42.7644 -110.325 155.619 
24.5 22.54 15.68 -24.7703 120.943 26.2476 
26.46 20.58 15.68 -256.025 68.3454 299.077 
24.5 26.46 15.68 -130.666 131.52 -92.4243 
26.46 24.5 15.68 104.994 -5.67304 -25.5891 
24.5 30.38 15.68 -30.6074 -116.407 -37.4487 
26.46 28.42 15.68 40.3135 -4.60947 -61.6454 
24.5 34.3 15.68 107.661 -130.326 79.2669 
26.46 32.34 15.68 -86.4957 56.6941 -38.4148 
24.5 38.22 15.68 -68.7127 -22.3923 85.1689 
26.46 36.26 15.68 107.368 -143.358 -72.5074 
24.5 42.14 15.68 -8.52082 -22.583 117.364 
26.46 40.18 15.68 171.979 105.908 14.403 
24.5 46.06 15.68 72.4203 59.6981 172.37 
26.46 44.1 15.68 14.0402 14.0816 160.077 
28.42 2.94 15.68 -151.215 138.385 -55.262 
30.38 0.98 15.68 153.172 106.477 -0.594223 
28.42 6.86 15.68 47.9472 -148.686 -83.8347 
30.38 4.9 15.68 -184.187 23.7006 101.693 
28.42 10.78 15.68 -248.485 -79.4023 37.7514 
30.38 8.82 15.68 -112.669 34.2789 55.631 
28.42 14.7 15.68 -72.1381 -52.6648 -51.0794 
30.38 12.74 15.68 -31.1508 8.07031 -6.97949 
28.42 18.62 15.68 -174.916 -75.9248 -32.4884 
30.38 16.66 15.68 -40.0256 200.494 -138.93 
28.42 22.54 15.68 -188.934 -130.752 -277.429 
30.38 20.58 15.68 -66.9617 93.0327 -13.9548 
28.42 26.46 15.68 -107.574 321.503 296.539 
30.38 24.5 15.68 -124.162 110.267 47.8431 
28.42 30.38 15.68 -117.99 65.7139 -111.585 
30.38 28.42 15.68 -88.5703 -87.1754 -148.444 
28.42 34.3 15.68 172.288 55.524 178.794 
30.38 32.34 15.68 63.2715 40.1106 18.916 
28.42 38.22 15.68 -116.719 -43.1031 -36.2409 
30.38 36.26 15.68 124.194 31.7499 -50.507 
28.42 42.14 15.68 66.8799 195.016 -25.4054 
30.38 40.18 15.68 7.46641 -15.3851 -107.758 
28.42 46.06 15.68 -7.01616 93.8196 -94.9493 
30.38 44.1 15.68 18.8659 47.6714 -95.0736 
32.34 2.94 15.68 66.3724 28.323 -94.2996 
34.3 0.98 15.68 -101.622 -0.0418482 -69.1487 
32.34 6.86 15.68 6.88028 68.6893 183.073 
34.3 4.9 15.68 93.8154 -215.808 117.562 
32.34 10.78 15.68 -57.8176 45.6843 135.347 
34.3 8.82 15.68 -176.398 26.2877 67.0756 
32.34 14.7 15.68 328.603 -96.7343 -110.079 
34.3 12.74 15.68 -82.2951 -131.439 -174.734 
32.34 18.62 15.68 37.8614 -22.4109 -101.741 
34.3 16.66 15.68 149.375 94.6712 -392.499 
32.34 22.54 15.68 -81.9153 -14.3802 -75.5232 
34.3 20.58 15.68 280.939 84.3493 34.2577 
32.34 26.46 15.68 -43.7955 -54.236 14.0149 
34.3 24.5 15.68 -165.085 139.565 195.277 
32.34 30.38 15.68 10.6866 -63.4892 -115.511 
34.3 28.42 15.68 72.6803 209.614 -189.329 
32.34 34.3 15.68 197.716 76.5701 35.7644 
34.3 32.34 15.68 14.4377 163.135 78.5207 
32.34 38.22 15.68 37.155 -191.279 -18.2161 
34.3 36.26 15.68 47.523 -48.705 25.7323 
32.34 42.14 15.68 96.6022 76.3579 -36.7195 
34.3 40.18 15.68 -89.3675 91.1058 -79.4829 
32.34 46.06 15.68 10.601 190.655 -149.355 
34.3 44.1 15.68 147.71 -143.428 -194.654 
36.26 2.94 15.68 -64.3421 65.0289 -91.6188 
38.22 0.98 15.68 -120.722 -12.7589 109.604 
36.26 6.86 15.68 -24.5755 -187.328 -74.5376 
38.22 4.9 15.68 -43.498 225.09 -93.5564 
36.26 10.78 15.68 99.8484 -72.0838 51.0609 
38.22 8.82 15.68 52.4642 64.8272 -169.206 
36.26 14.7 15.68 -194.608 -246.289 136.577 
38.22 12.74 15.68 153.446 35.1276 47.6629 
36.26 18.62 15.68 178.925 -181.237 -32.5876 
38.22 16.66 15.68 95.3055 -57.2778 85.0328 
36.26 22.54 15.68 -101.639 -160.401 188.16 
38.22 20.58 15.68 85.8044 -150.34 109.274 
36.26 26.46 15.68 114.923 51.7772 203.195 
38.22 24.5 15.68 50.7861 90.6695 53.5247 
36.26 30.38 15.68 6.53537 191.914 -10.8437 
38.22 28.42 15.68 40.9216 -123.992 -65.8528 
36.26 34.3 15.68 97.3086 -56.8336 -8.62637 
38.22 32.34 15.68 -69.5146 29.5205 90.261 
36.26 38.22 15.68 93.9256 185.189 -193.126 
38.22 36.26 15.68 154.093 -45.1744 -57.4348 
36.26 42.14 15.68 -93.89 38.7693 144.687 
38.22 40.18 15.68 -9.90794 289.2 -14.1208 
36.26 46.06 15.68 -25.3131 -181.972 93.1168 
38.22 44.1 15.68 81.4529 -93.8394 107.766 
40.18 2.94 15.68 -115.927 110.35 -86.3423 
42.14 0.98 15.68 83.5455 -100.824 247.493 
40.18 6.86 15.68 -26.5956 124.782 -15.9318 
42.14 4.9 15.68 -50.9915 -214.212 -84.2261 
40.18 10.78 15.68 321.544 9.92555 135.582 
42.14 8.82 15.68 -110.43 -0.295534 15.9927 
40.18 14.7 15.68 40.6362 100.845 -25.5511 
42.14 12.74 15.68 74.3606 -194.791 -164.475 
40.18 18.62 15.68 207.172 -158.124 -9.54349 
42.14 16.66 15.68 108.958 111.542 -47.8048 
40.18 22.54 15.68 -255.471 173.556 -154.114 
42.14 20.58 15.68 83.3082 -3.71827 -30.1384 
40.18 26.46 15.68 62.7701 42.4255 38.8545 
42.14 24.5 15.68 108.008 94.5819 -87.8342 
40.18 30.38 15.68 -60.1594 39.3544 15.9054 
42.14 28.42 15.68 4.96935 90.3966 -18.7496 
40.18 34.3 15.68 -31.4303 -116.884 -233.955 
42.14 32.34 15.68 1.3118 -6.88216 -80.162 
40.18 38.22 15.68 21.367 -18.7438 -26.2411 
42.14 36.26 15.68 133.212 -97.4315 159.399 
40.18 42.14 15.68 44.311 -57.8845 21.6536 
42.14 40.18 15.68 -111.959 -94.6916 86.1989 
40.18 46.06 15.68 52.1224 28.2904 -19.5367 
42.14 44.1 15.68 -123.122 64.3558 14.1041 
44.1 2.94 15.68 168.67 71.5126 12.2465 
46.06 0.98 15.68 -2.54831 37.4017 -216.216 
44.1 6.86 15.68 -35.426 -175.897 245.44 
46.06 4.9 15.68 110.225 53.9597 -120.925 
44.1 10.78 15.68 69.2048 28.7194 -228.837 
46.06 8.82 15.68 4.4757 -27.5885 44.4746 
44.1 14.7 15.68 148.137 -126.118 -53.1595 
46.06 12.74 15.68 23.6625 -102.652 51.64 
44.1 18.62 15.68 -33.8731 -85.9113 34.8155 
46.06 16.66 15.68 53.3679 -231.632 33.646 
44.1 22.54 15.68 -76.7573 -30.3063 -137.671 
46.06 20.58 15.68 -168.445 -142.597 -99.6654 
44.1 26.46 15.68 85.6431 -244.02 -92.2117 
46.06 24.5 15.68 -113.45 237.61 -38.6384 
44.1 30.38 15.68 -36.1082 116.839 -18.7229 
46.06 28.42 15.68 132.513 -125.593 -200.632 
44.1 34.3 15.68 101.938 63.5939 106.433 
46.06 32.34 15.68 88.0249 -121.636 -79.5636 
44.1 38.22 15.68 -245.252 -64.1703 -107.182 
46.06 36.26 15.68 108.816 -92.6759 122.607 
44.1 42.14 15.68 123.198 132.564 -254.991 
46.06 40.18 15.68 -20.6961 -168.413 237.211 
44.1 46.06 15.68 2.29597 76.0145 41.8747 
46.06 44.1 15.68 96.5009 -11.3186 -122.202 
0.98 0.98 17.64 -203.094 -154.336 28.1474 
2.94 2.94 17.64 192.78 -50.4555 2.57642 
0.98 4.9 17.64 22.2598 42.32 -135.517 
2.94 6.86 17.64 -99.3851 202.874 -99.4254 
0.98 8.82 17.64 88.6909 22.9325 101.227 
2.94 10.78 17.64 -33.9899 215.975 -59.533 
0.98 12.74 17.64 -84.9482 -7.04004 138.017 
2.94 14.7 17.64 -138.425 142.209 77.3479 
0.98 16.66 17.64 -3.02459 -6.92524 -23.099 
2.94 18.62 17.64 -85.7993 41.4151 -73.4361 
0.98 20.58 17.64 178.774 -8.42256 -88.1163 
2.94 22.54 17.64 132.515 -95.0076 93.4064 
0.98 24.5 17.64 -144.224 -14.6877 99.4027 
2.94 26.46 17.64 -108.386 147.163 -38.7506 
0.98 28.42 17.64 -2.81121 84.2407 53.0587 
2.94 30.38 17.64 49.3671 181.64 -119.73 
0.98 32.34 17.64 188.56 -58.8087 -50.5799 
2.94 34.3 17.64 -180.344 27.9708 -111.801 
0.98 36.26 17.64 77.7011 -146.249 131.335 
2.94 38.22 17.64 155.317 218.961 78.7229 
0.98 40.18 17.64 4.69765 -50.259 205.329 
2.94 42.14 17.64 -50.6829 177.622 8.19702 
0.98 44.1 17.64 -139.307 42.9651 156.993 
2.94 46.06 17.64 -61.0301 -75.8763 -88.176 
4.9 0.98 17.64 -66.6787 -111.148 1.71734 
6.86 2.94 17.64 -79.7565 59.5111 -6.23413 
4.9 4.9 17.64 -109.171 -92.4097 -17.9911 
6.86 6.86 17.64 -198.448 -86.9288 -29.8575 
4.9 8.82 17.64 -0.718818 109.157 -78.4275 
6.86 10.78 17.64 -59.4907 -25.9123 -11.2905 
4.9 12.74 17.64 21.6018 167.049 -181.906 
6.86 14.7 17.64 74.1558 219.142 -97.0162 
4.9 16.66 17.64 33.3081 -42.831 40.5128 
6.86 18.62 17.64 98.1323 -3.2342 139.749 
4.9 20.58 17.64 -52.5739 64.8465 -7.99533 
6.86 22.54 17.64 47.9387 71.909 -38.0237 
4.9 24.5 17.64 10.6518 -7.49676 -19.8437 
6.86 26.46 17.64 -119.061 -33.8085 -3.44255 
4.9 28.42 17.64 -38.2322 60.3412 174.751 
6.86 30.38 17.64 -107.148 30.2754 -84.9606 
4.9 32.34 17.64 119.568 253.715 -173.277 
6.86 34.3 17.64 -187.041 84.8942 -93.0704 
4.9 36.26 17.64 48.0884 -171.342 224.755 
6.86 38.22 17.64 287.16 -6.37299 191.378 
4.9 40.18 17.64 1.39882 -9.45183 -97.8454 
6.86 42.14 17.64 110.996 101.53 88.9691 
4.9 44.1 17.64 -79.1606 -28.4539 6.20513 
6.86 46.06 17.64 130.382 -66.5131 -42.0255 
8.82 0.98 17.64 124.306 91.6086 85.0356 
10.78 2.94 17.64 76.8961 62.1045 123.045 
8.82 4.9 17.64 -95.0337 102.76 210.395 
10.78 6.86 17.64 10.6118 -222.634 -185.016 
8.82 8.82 17.64 -19.7763 66.6386 -130.59 
10.78 10.78 17.64 -226.257 20.7924 -166.019 
8.82 12.74 17.64 -16.195 61.4724 14.477 
10.78 14.7 17.64 -124.208 -150.859 -26.083 
8.82 16.66 17.64 79.1595 -73.4436 44.2851 
10.78 18.62 17.64 255.893 185.476 304.836 
8.82 20.58 17.64 -114.816 -129.54 16.7393 
10.78 22.54 17.64 -62.7014 186.737 39.8812 
8.82 24.5 17.64 -176.76 28.4793 6.40193 
10.78 26.46 17.64 27.6954 221.545 -73.3474 
8.82 28.42 17.64 -55.1712 72.7649 -38.1865 
10.78 30.38 17.64 -129.393 134.849 -40.8896 
8.82 32.34 17.64 -35.6831 55.2034 35.2751 
10.78 34.3 17.64 5.57355 -45.1919 34.7045 
8.82 36.26 17.64 44.8372 -18.9493 -107.303 
10.78 38.22 17.64 -36.5477 4.80889 -48.0489 
8.82 40.18 17.64 41.962 54.233 98.4737 
10.78 42.14 17.64 -59.6189 153.745 247.487 
8.82 44.1 17.64 -58.6599 -58.8236 -94.4971 
10.78 46.06 17.64 109.122 -123.524 -149.298 
12.74 0.98 17.64 -6.54969 -197.769 164.089 
14.7 2.94 17.64 133.609 -114.127 220.29 
12.74 4.9 17.64 39.7656 -28.7865 74.8244 
14.7 6.86 17.64 -79.897 -23.4269 2.99608 
12.74 8.82 17.64 9.44823 -287.715 109.693 
14.7 10.78 17.64 98.1707 5.66762 62.6966 
12.74 12.74 17.64 -120.361 28.1336 57.0856 
14.7 14.7 17.64 243.521 141.519 212.791 
12.74 16.66 17.64 -18.4899 -8.65346 71.6264 
14.7 18.62 17.64 -185.872 124.031 -67.3511 
12.74 20.58 17.64 186.227 -4.04232 86.6672 
14.7 22.54 17.64 -8.02764 -51.689 -99.8092 
12.74 24.5 17.64 -25.8354 -85.2583 15.8737 
14.7 26.46 17.64 -28.5269 -13.8544 -261.175 
12.74 28.42 17.64 -3.54547 -42.7819 -228.764 
14.7 30.38 17.64 -69.8626 118.975 -90.662 
12.74 32.34 17.64 -76.3538 1.89404 38.7235 
14.7 34.3 17.64 -18.4477 -103.106 86.1898 
12.74 36.26 17.64 115.275 71.3638 1.45109 
14.7 38.22 17.64 -164.738 44.3645 100.339 
12.74 40.18 17.64 98.2948 -128.679 79.5155 
14.7 42.14 17.64 -57.0085 133.168 45.5188 
12.74 44.1 17.64 -98.9334 -154.936 96.4954 
14.7 46.06 17.64 -75.5271 -14.6358 111.9 
16.66 0.98 17.64 -146.296 -20.6163 59.8327 
18.62 2.94 17.64 -128.285 -86.0107 115.657 
16.66 4.9 17.64 -8.818 70.8027 -92.8853 
18.62 6.86 17.64 106.557 -253.503 87.6169 
16.66 8.82 17.64 -22.8229 -326.201 137.405 
18.62 10.78 17.64 213.291 -104.917 -158.139 
16.66 12.74 17.64 25.6778 8.7826 31.9878 
18.62 14.7 17.64 -90.927 -67.8719 -0.237135 
16.66 16.66 17.64 120.154 57.5644 -53.5784 
18.62 18.62 17.64 -155.609 7.17382 -124.897 
16.66 20.58 17.64 70.9896 34.118 -88.8719 
18.62 22.54 17.64 67.9663 -89.2515 190.673 
16.66 24.5 17.64 -139.878 154.832 51.1612 
18.62 26.46 17.64 115.91 60.8211 -175.756 
16.66 28.42 17.64 32.097 67.3842 104.879 
18.62 30.38 17.64 219.315 -116.389 -34.5817 
16.66 32.34 17.64 86.8156 -128.721 -182.84 
18.62 34.3 17.64 -9.92462 -20.7076 -198.969 
16.66 36.26 17.64 10.3677 -7.71947 -57.3432 
18.62 38.22 17.64 -139.152 35.6268 -48.7338 
16.66 40.18 17.64 -30.3064 133.912 1.7917 
18.62 42.14 17.64 15.9476 315.235 120.493 
16.66 44.1 17.64 -214.659 104.665 5.67234 
18.62 46.06 17.64 121.148 38.5013 -0.141805 
20.58 0.98 17.64 25.1934 -40.2271 -10.6617 
22.54 2.94 17.64 33.221 -140.117 48.9807 
20.58 4.9 17.64 -8.98477 142.718 -174.972 
22.54 6.86 17.64 -10.77 120.215 32.1959 
20.58 8.82 17.64 -110.225 36.2542 -0.85846 
22.54 10.78 17.64 -142.626 -131.975 -162.596 
20.58 12.74 17.64 -165.847 -37.781 48.1029 
22.54 14.7 17.64 -244.442 -211.756 95.277 
20.58 16.66 17.64 -25.0504 90.8872 253.233 
22.54 18.62 17.64 -48.5211 175.668 162.21 
20.58 20.58 17.64 -50.8846 -149.849 -65.7639 
22.54 22.54 17.64 -35.0275 -5.26567 45.6007 
20.58 24.5 17.64 -95.4777 101.983 -160.858 
22.54 26.46 17.64 -56.2332 -29.4879 64.9199 
20.58 28.42 17.64 -43.6036 -198.479 78.9486 
22.54 30.38 17.64 76.1487 25.0804 136.959 
20.58 32.34 17.64 -102.197 169.168 93.6176 
22.54 34.3 17.64 240.566 -38.4942 11.7351 
20.58 36.26 17.64 105.943 4.59994 142.226 
22.54 38.22 17.64 119.455 195.876 -89.9835 
20.58 40.18 17.64 -124.491 -173.07 202.184 
22.54 42.14 17.64 -234.681 -31.9327 -8.92727 
20.58 44.1 17.64 -155.88 29.2204 -201.785 
22.54 46.06 17.64 -113.485 14.5523 -55.4047 
24.5 0.98 17.64 -29.5984 12.5181 -3.56852 
26.46 2.94 17.64 51.5546 34.8369 82.1426 
24.5 4.9 17.64 -13.0344 -116.799 154.745 
26.46 6.86 17.64 93.7687 -145.521 193.41 
24.5 8.82 17.64 -73.1384 164.546 -185.078 
26.46 10.78 17.64 -163.332 86.0412 3.23644 
24.5 12.74 17.64 -23.1024 68.4909 62.6449 
26.46 14.7 17.64 -15.4481 66.9541 -156.345 
24.5 16.66 17.64 24.0639 100.671 74.1641 
26.46 18.62 17.64 65.4398 -14.0649 -39.2912 
24.5 20.58 17.64 -19.4119 -48.8825 125.182 
26.46 22.54 17.64 -101.454 3.21479 62.7011 
24.5 24.5 17.64 133.675 -31.4944 22.8693 
26.46 26.46 17.64 -161.598 -61.7671 -174.209 
24.5 28.42 17.64 -238.261 -71.5438 -80.4815 
26.46 30.38 17.64 48.7411 -43.898 -78.4828 
24.5 32.34 17.64 -99.4321 160.906 -91.6814 
26.46 34.3 17.64 102.368 -12.9401 230.219 
24.5 36.26 17.64 -216.131 143.978 -49.0049 
26.46 38.22 17.64 55.6154 -223.652 84.7511 
24.5 40.18 17.64 -34.1325 -25.2475 131.541 
26.46 42.14 17.64 34.7874 83.2166 10.1139 
24.5 44.1 17.64 -45.843 -308.995 -128.455 
26.46 46.06 17.64 -23.7204 -63.4083 136.525 
28.42 0.98 17.64 1.89409 34.5568 -142.642 
30.38 2.94 17.64 -24.8323 -33.5472 98.736 
28.42 4.9 17.64 -44.6752 129.04 -31.4077 
30.38 6.86 17.64 246.646 -56.0146 -88.9942 
28.42 8.82 17.64 5.53383 5.61633 111.54 
30.38 10.78 17.64 117.54 -56.5977 -134.199 
28.42 12.74 17.64 -60.3571 -118.603 -82.5643 
30.38 14.7 17.64 -57.5047 -284.863 152.179 
28.42 16.66 17.64 211.079 -73.371 -83.0702 
30.38 18.62 17.64 -103.262 -44.6046 220.818 
28.42 20.58 17.64 7.26241 -137.695 -38.2385 
30.38 22.54 17.64 -76.1466 -3.4995 -49.0359 
28.42 24.5 17.64 -42.2597 -129.935 -89.2827 
30.38 26.46 17.64 -53.4791 29.9004 24.5605 
28.42 28.42 17.64 105.699 33.9336 72.0363 
30.38 30.38 17.64 -24.4651 329.401 14.3445 
28.42 32.34 17.64 -90.3409 -124.423 -52.3198 
30.38 34.3 17.64 266.617 79.2006 71.4497 
28.42 36.26 17.64 -51.3361 206.416 29.3822 
30.38 38.22 17.64 -91.1844 136.256 -117.205 
28.42 40.18 17.64 216.323 122.187 -34.0441 
30.38 42.14 17.64 152.961 -51.5505 -26.1368 
28.42 44.1 17.64 150.405 115.134 -133.673 
30.38 46.06 17.64 94.4307 46.4562 -51.0843 
32.34 0.98 17.64 -18.144 98.9502 185.183 
34.3 2.94 17.64 -10.748 -2.18444 -55.5693 
32.34 4.9 17.64 -92.0323 -124.725 -64.322 
34.3 6.86 17.64 -207.753 -44.8401 -105.324 
32.34 8.82 17.64 122.109 -273.527 192.548 
34.3 10.78 17.64 97.9413 -22.8541 147.037 
32.34 12.74 17.64 -4.36675 -13.7847 45.2331 
34.3 14.7 17.64 103.382 63.408 -30.0618 
32.34 16.66 17.64 -66.9162 185.067 -49.6859 
34.3 18.62 17.64 10.0105 -2.37309 26.6474 
32.34 20.58 17.64 187.771 169.919 22.1731 
34.3 22.54 17.64 92.2477 -68.0985 -87.414 
32.34 24.5 17.64 -47.1562 -99.1163 -167.051 
34.3 26.46 17.64 32.3845 -129.333 6.36734 
32.34 28.42 17.64 -12.5798 -86.8266 -9.085 
34.3 30.38 17.64 -85.0661 -37.2426 12.198 
32.34 32.34 17.64 -34.9459 26.6895 -136.77 
34.3 34.3 17.64 -38.2106 40.2497 27.7116 
32.34 36.26 17.64 -264.834 15.7754 -121.113 
34.3 38.22 17.64 50.915 -118.339 66.8213 
32.34 40.18 17.64 98.442 -53.1123 59.3736 
34.3 42.14 17.64 82.3543 62.2486 37.6651 
32.34 44.1 17.64 -147.364 80.0342 28.2413 
34.3 46.06 17.64 28.1549 -9.58803 116.879 
36.26 0.98 17.64 69.8479 155.827 18.4063 
38.22 2.94 17.64 -38.2224 -168.986 129.558 
36.26 4.9 17.64 -0.338472 142.598 -121.272 
38.22 6.86 17.64 -162.705 -105.823 196.683 
36.26 8.82 17.64 98.4435 -105.515 -112.319 
38.22 10.78 17.64 -80.3636 -231.645 -68.4444 
36.26 12.74 17.64 -159.806 52.9768 -154.879 
38.22 14.7 17.64 -51.8726 -40.7346 -40.553 
36.26 16.66 17.64 115.543 -119.864 -134.367 
38.22 18.62 17.64 -188.326 112.294 60.5082 
36.26 20.58 17.64 69.1151 -114.7 -6.52576 
38.22 22.54 17.64 140.513 115.712 26.6179 
36.26 24.5 17.64 -143.896 -248.741 -64.5608 
38.22 26.46 17.64 90.3548 71.2705 -201.081 
36.26 28.42 17.64 -78.8437 89.3461 20.7332 
38.22 30.38 17.64 -118.126 34.9426 -29.0527 
36.26 32.34 17.64 23.6562 56.058 4.19546 
38.22 34.3 17.64 -38.7268 67.89 -50.7376 
36.26 36.26 17.64 -230.331 -118.162 -80.4188 
38.22 38.22 17.64 205.207 19.5545 74.2788 
36.26 40.18 17.64 -304.163 -75.7042 64.1631 
38.22 42.14 17.64 -70.6332 -123.934 -145.075 
36.26 44.1 17.64 -13.7082 -178.258 -33.4277 
38.22 46.06 17.64 415.213 244.994 -83.6133 
40.18 0.98 17.64 27.3619 -53.9143 150.072 
42.14 2.94 17.64 -118.798 -146.426 13.1931 
40.18 4.9 17.64 -40.6146 -51.908 -13.6809 
42.14 6.86 17.64 -115.874 51.8327 22.7153 
40.18 8.82 17.64 128.933 -2.37834 21.2572 
42.14 10.78 17.64 13.0585 -129.971 236.312 
40.18 12.74 17.64 -28.9871 65.9163 -2.59607 
42.14 14.7 17.64 22.2337 30.0268 35.7558 
40.18 16.66 17.64 9.64345 -82.5061 48.0431 
42.14 18.62 17.64 9.90538 -87.7391 88.3696 
40.18 20.58 17.64 69.7454 108.42 -77.9933 
42.14 22.54 17.64 -19.8645 57.5702 2.8391 
40.18 24.5 17.64 97.4203 23.9343 -13.8427 
42.14 26.46 17.64 84.5981 -10.3581 -7.38671 
40.18 28.42 17.64 70.1761 -105.161 165.533 
42.14 30.38 17.64 104.317 39.8003 134.726 
40.18 32.34 17.64 -280.991 103.783 -72.4357 
42.14 34.3 17.64 230.058 -136.516 -52.6143 
40.18 36.26 17.64 33.9968 1.64003 45.009 
42.14 38.22 17.64 7.79714 -156.915 168.085 
40.18 40.18 17.64 -1.47324 -81.2876 100.559 
42.14 42.14 17.64 137.695 213.925 132.627 
40.18 44.1 17.64 -52.4336 -19.9991 -51.0013 
42.14 46.06 17.64 95.0802 -298.266 135.155 
44.1 0.98 17.64 148.387 -114.592 -189.547 
46.06 2.94 17.64 30.4118 -31.6775 -196.756 
44.1 4.9 17.64 -267.637 -107.055 -85.4098 
46.06 6.86 17.64 122.744 43.1014 2.31115 
44.1 8.82 17.64 86.4467 34.6388 109.343 
46.06 10.78 17.64 -149.793 138.121 129.196 
44.1 12.74 17.64 0.089312 219.727 -181.516 
46.06 14.7 17.64 113.266 71.7174 -17.0219 
44.1 16.66 17.64 -162.992 9.6717 42.1515 
46.06 18.62 17.64 78.8507 37.9527 -94.1885 
44.1 20.58 17.64 -22.7866 -145.029 -11.7328 
46.06 22.54 17.64 -65.8059 -27.4855 -60.0966 
44.1 24.5 17.64 -97.634 97.332 4.7288 
46.06 26.46 17.64 244.872 -32.145 -42.682 
44.1 28.42 17.64 124.243 233.838 224.997 
46.06 30.38 17.64 3.417 -9.28051 -31.1799 
44.1 32.34 17.64 7.63851 38.7462 -38.5701 
46.06 34.3 17.64 -98.0628 -11.5108 -52.5559 
44.1 36.26 17.64 1.89252 65.5904 26.9844 
46.06 38.22 17.64 11.3289 -20.6242 59.1322 
44.1 40.18 17.64 -83.8593 -68.8124 -74.3332 
46.06 42.14 17.64 24.4358 32.3022 43.2072 
44.1 44.1 17.64 -64.4293 -157.856 -161.559 
46.06 46.06 17.64 22.6137 68.9701 -188.356 
0.98 2.94 19.6 -15.9992 -122.665 -84.0289 
2.94 0.98 19.6 -38.5267 37.2238 -66.1446 
0.98 6.86 19.6 -4.29385 19.403 -152.29 
2.94 4.9 19.6 -4.67169 169.465 -55.7096 
0.98 10.78 19.6 -108.042 -103.645 -155.769 
2.94 8.82 19.6 -15.7907 -129.783 70.8473 
0.98 14.7 19.6 -4.69407 -296.825 60.285 
2.94 12.74 19.6 -12.6639 351.308 -176.149 
0.98 18.62 19.6 -46.8423 223.703 46.6167 
2.94 16.66 19.6 7.52262 -253.679 67.3958 
0.98 22.54 19.6 15.9818 67.0708 -121.984 
2.94 20.58 19.6 -104.259 -31.8899 0.637242 
0.98 26.46 19.6 -101.648 161.145 84.0124 
2.94 24.5 19.6 -53.2687 37.2008 118.317 
0.98 30.38 19.6 -26.0896 198.811 94.5501 
2.94 28.42 19.6 -40.6404 -49.3316 49.8323 
0.98 34.3 19.6 -76.923 30.3731 -68.3624 
2.94 32.34 19.6 237.878 -70.9039 -50.6292 
0.98 38.22 19.6 202.16 80.1714 121.406 
2.94 36.26 19.6 -14.3626 -93.947 -5.69181 
0.98 42.14 19.6 48.7803 -160.037 179.707 
2.94 40.18 19.6 10.2092 216.095 8.93183 
0.98 46.06 19.6 107.654 59.4273 -136.146 
2.94 44.1 19.6 -51.3474 170.754 44.4855 
4.9 2.94 19.6 4.62951 142.91 -130.919 
6.86 0.98 19.6 57.9221 -105.226 -16.4224 
4.9 6.86 19.6 313.653 45.1112 35.2633 
6.86 4.9 19.6 29.4263 24.8245 134.76 
4.9 10.78 19.6 105.104 191.827 109.541 
6.86 8.82 19.6 36.3123 -206.794 12.5975 
4.9 14.7 19.6 -71.1012 47.7775 -157.368 
6.86 12.74 19.6 111.061 -42.4432 81.4739 
4.9 18.62 19.6 -214.616 -103.472 -36.6819 
6.86 16.66 19.6 -168.924 -176.797 106.868 
4.9 22.54 19.6 4.00429 64.7725 117.831 
6.86 20.58 19.6 1.07419 180.747 77.5991 
4.9 26.46 19.6 20.6469 109.163 19.9714 
6.86 24.5 19.6 98.6251 39.9677 31.1173 
4.9 30.38 19.6 195.852 3.63203 -135.872 
6.86 28.42 19.6 -19.9404 -119.629 66.7668 
4.9 34.3 19.6 -22.9587 -48.1419 6.01167 
6.86 32.34 19.6 -32.1602 -143.972 71.447 
4.9 38.22 19.6 60.8415 -215.192 181.908 
6.86 36.26 19.6 135.247 56.5972 -171.763 
4.9 42.14 19.6 32.3909 -120.01 -1.72437 
6.86 40.18 19.6 -12.6297 53.4051 28.802 
4.9 46.06 19.6 -92.268 -63.0855 177.424 
6.86 44.1 19.6 31.207 158.595 26.6901 
8.82 2.94 19.6 -19.3163 105.773 37.4578 
10.78 0.98 19.6 1.15471 64.3414 54.5578 
8.82 6.86 19.6 156.367 -68.3745 -64.7872 
10.78 4.9 19.6 101.513 -113.573 67.0058 
8.82 10.78 19.6 60.9675 131.829 106.12 
10.78 8.82 19.6 -52.0362 -190.201 -16.5248 
8.82 14.7 19.6 -58.1054 -22.8025 -73.8887 
10.78 12.74 19.6 12.3244 296.189 61.1713 
8.82 18.62 19.6 21.5332 -44.5319 -151.289 
10.78 16.66 19.6 -83.845 -38.6654 95.923 
8.82 22.54 19.6 54.3367 39.8115 -35.1705 
10.78 20.58 19.6 305.124 47.7789 -80.7821 
8.82 26.46 19.6 -5.11461 4.65473 3.85582 
10.78 24.5 19.6 -11.0231 28.1923 69.7688 
8.82 30.38 19.6 97.988 132.71 78.4526 
10.78 28.42 19.6 -3.77225 -112.1 -72.4898 
8.82 34.3 19.6 -98.2762 5.55017 256.262 
10.78 32.34 19.6 -104.245 139.537 -81.6694 
8.82 38.22 19.6 146.596 -39.2502 -54.598 
10.78 36.26 19.6 154.706 -2.21913 196.209 
8.82 42.14 19.6 104.76 39.456 -28.3855 
10.78 40.18 19.6 44.6731 88.3719 295.337 
8.82 46.06 19.6 -50.4237 -71.2353 65.8356 
10.78 44.1 19.6 75.2799 -73.9469 121.556 
12.74 2.94 19.6 58.2767 75.9206 -196.085 
14.7 0.98 19.6 -32.5432 68.8498 318.536 
12.74 6.86 19.6 -125.671 111.26 -11.7946 
14.7 4.9 19.6 50.1274 -145.375 90.0865 
12.74 10.78 19.6 90.5277 25.8505 64.0749 
14.7 8.82 19.6 -44.1818 -134.384 -172.08 
12.74 14.7 19.6 70.1706 182.505 57.3695 
14.7 12.74 19.6 -32.5921 -141.787 -67.3222 
12.74 18.62 19.6 163.56 107.533 61.2302 
14.7 16.66 19.6 -10.184 52.5686 -17.796 
12.74 22.54 19.6 -256.28 -11.7516 -245.13 
14.7 20.58 19.6 -103.084 6.2475 -72.5931 
12.74 26.46 19.6 -169.187 -52.7849 32.3017 
14.7 24.5 19.6 -4.9489 -49.3604 -305.659 
12.74 30.38 19.6 6.62743 109.119 51.3737 
14.7 28.42 19.6 -35.5017 -138.3 86.3864 
12.74 34.3 19.6 180.124 141.951 -21.034 
14.7 32.34 19.6 79.3939 128.101 107.497 
12.74 38.22 19.6 89.1998 86.8074 109.761 
14.7 36.26 19.6 3.88328 73.7847 -28.3834 
12.74 42.14 19.6 58.392 -15.8315 -80.6609 
14.7 40.18 19.6 -27.9231 -233.462 51.7109 
12.74 46.06 19.6 -42.1619 -160.944 -96.3627 
14.7 44.1 19.6 -42.7132 -197.092 52.8051 
16.66 2.94 19.6 -18.3528 -33.1314 -103.089 
18.62 0.98 19.6 46.2063 2.58477 -1.79874 
16.66 6.86 19.6 -141.845 14.2734 6.56648 
18.62 4.9 19.6 -245.151 64.6381 -90.7165 
16.66 10.78 19.6 -5.90642 -26.2062 17.4062 
18.62 8.82 19.6 136.689 -105.16 -141.644 
16.66 14.7 19.6 -80.9775 -29.4079 12.5286 
18.62 12.74 19.6 321.058 151.602 37.7452 
16.66 18.62 19.6 349.158 -226.399 -102.821 
18.62 16.66 19.6 16.4277 83.6917 -120.81 
16.66 22.54 19.6 142.32 -35.8451 -20.6312 
18.62 20.58 19.6 79.6631 63.3619 41.4303 
16.66 26.46 19.6 -219.895 56.7246 -38.2022 
18.62 24.5 19.6 -200.177 129.39 -98.6054 
16.66 30.38 19.6 139.58 -7.4747 21.3632 
18.62 28.42 19.6 209.082 -132.667 -6.37036 
16.66 34.3 19.6 -93.1572 -61.612 132.944 
18.62 32.34 19.6 38.1652 84.6026 41.7366 
16.66 38.22 19.6 -94.4533 180.259 85.5504 
18.62 36.26 19.6 171.396 -43.4132 68.6375 
16.66 42.14 19.6 43.8224 -186.047 186.09 
18.62 40.18 19.6 -54.943 -159.525 -28.0734 
16.66 46.06 19.6 -58.8798 106.958 110.255 
18.62 44.1 19.6 68.4702 -16.0124 299.965 
20.58 2.94 19.6 33.1804 5.54364 -285.913 
22.54 0.98 19.6 43.5885 5.20031 -91.5036 
20.58 6.86 19.6 153.54 170.466 32.2472 
22.54 4.9 19.6 66.6146 33.3983 -122.038 
20.58 10.78 19.6 155.718 -82.9724 63.0095 
22.54 8.82 19.6 38.8357 67.004 -78.5089 
20.58 14.7 19.6 -193.074 129.824 -62.2102 
22.54 12.74 19.6 18.7562 -27.7333 175.197 
20.58 18.62 19.6 159.813 104.033 10.2079 
22.54 16.66 19.6 -71.3953 -55.6395 -53.9221 
20.58 22.54 19.6 -11.8164 8.25655 125.672 
22.54 20.58 19.6 -97.2471 -91.5076 183.349 
20.58 26.46 19.6 -12.6811 -99.4808 10.6645 
22.54 24.5 19.6 61.6338 -75.7969 -44.9867 
20.58 30.38 19.6 103.759 241.916 -29.9894 
22.54 28.42 19.6 107.881 -103.849 4.12155 
20.58 34.3 19.6 176.258 -20.9807 7.69655 
22.54 32.34 19.6 -114.831 -120.056 -12.0881 
20.58 38.22 19.6 4.27593 46.8737 -70.86 
22.54 36.26 19.6 11.1853 147.667 220.123 
20.58 42.14 19.6 191.249 -163.853 29.6652 
22.54 40.18 19.6 35.1184 45.171 25.8573 
20.58 46.06 19.6 -47.4243 164.93 91.1039 
22.54 44.1 19.6 -0.102975 98.0418 -39.8945 
24.5 2.94 19.6 85.8406 37.7002 88.1884 
26.46 0.98 19.6 -143.311 75.6718 121.148 
24.5 6.86 19.6 53.695 6.62348 -147.358 
26.46 4.9 19.6 -236.712 -51.8794 222.803 
24.5 10.78 19.6 170.907 -70.5243 -124.502 
26.46 8.82 19.6 2.94167 -43.5892 -243.001 
24.5 14.7 19.6 89.6404 19.8516 -78.1335 
26.46 12.74 19.6 51.0465 -93.5746 64.8337 
24.5 18.62 19.6 -28.5474 -37.529 1.36818 
26.46 16.66 19.6 -56.1372 31.2446 -174.503 
24.5 22.54 19.6 163.846 -28.1483 0.340054 
26.46 20.58 19.6 23.9371 100.732 56.9507 
24.5 26.46 19.6 45.8014 166.259 43.3334 
26.46 24.5 19.6 -125.019 -114.477 63.0846 
24.5 30.38 19.6 -139.081 37.4566 -79.056 
26.46 28.42 19.6 210.243 10.461 -118.608 
24.5 34.3 19.6 -96.489 -201.979 9.09604 
26.46 32.34 19.6 -71.2864 48.2485 -66.5243 
24.5 38.22 19.6 198.75 -46.3959 133.955 
26.46 36.26 19.6 -165.932 55.3887 -22.5328 
24.5 42.14 19.6 -93.9934 -83.8086 91.0158 
26.46 40.18 19.6 -56.622 93.1534 180.346 
24.5 46.06 19.6 -128.807 -69.2724 152.292 
26.46 44.1 19.6 -191.441 -4.01666 72.4136 
28.42 2.94 19.6 91.0861 -1.12039 15.321 
30.38 0.98 19.6 147.582 270.125 148.631 
28.42 6.86 19.6 153.142 89.3589 -11.5202 
30.38 4.9 19.6 41.2159 122.307 -41.1552 
28.42 10.78 19.6 -109.401 -32.107 4.60007 
30.38 8.82 19.6 216.13 118.955 58.1599 
28.42 14.7 19.6 72.7812 72.5516 -140.823 
30.38 12.74 19.6 96.4216 27.7822 68.3859 
28.42 18.62 19.6 -7.81387 -59.0675 -60.2714 
30.38 16.66 19.6 0.944156 105.024 19.9522 
28.42 22.54 19.6 -104.663 -2.18567 -180.368 
30.38 20.58 19.6 145.106 24.9724 -52.7927 
28.42 26.46 19.6 129.623 -6.51564 73.7177 
30.38 24.5 19.6 81.3187 82.1 76.944 
28.42 30.38 19.6 -9.70905 58.2446 152.993 
30.38 28.42 19.6 61.7309 73.6848 -6.47326 
28.42 34.3 19.6 156.521 -79.0645 42.4193 
30.38 32.34 19.6 61.3703 180.461 35.0039 
28.42 38.22 19.6 -79.5804 25.961 -145.618 
30.38 36.26 19.6 1.13441 -53.7695 37.2755 
28.42 42.14 19.6 -135.415 -82.9085 -19.755 
30.38 40.18 19.6 -55.1083 -93.7212 -33.2328 
28.42 46.06 19.6 35.3517 -18.3745 -139.225 
30.38 44.1 19.6 64.9368 -49.4661 -111.367 
32.34 2.94 19.6 1.07099 74.2291 -146.36 
34.3 0.98 19.6 20.7482 -24.8393 -85.0573 
32.34 6.86 19.6 190.025 -104.181 -119.981 
34.3 4.9 19.6 20.6116 9.57835 72.1169 
32.34 10.78 19.6 0.856785 -129.724 -189.452 
34.3 8.82 19.6 147.685 -72.4997 179.781 
32.34 14.7 19.6 108.424 91.7328 163.918 
34.3 12.74 19.6 82.3512 -110.367 -27.2849 
32.34 18.62 19.6 -93.3875 148.222 -47.4663 
34.3 16.66 19.6 -243.85 37.1217 -149.489 
32.34 22.54 19.6 -125.631 84.9172 38.9674 
34.3 20.58 19.6 -39.6278 -31.3635 -125.074 
32.34 26.46 19.6 -13.0523 -132.499 108.169 
34.3 24.5 19.6 275.874 124.351 -53.5182 
32.34 30.38 19.6 -17.6878 82.5577 -34.3416 
34.3 28.42 19.6 4.6044 52.7132 258.2 
32.34 34.3 19.6 -164.149 59.7656 168.151 
34.3 32.34 19.6 147.179 -114.625 -80.206 
32.34 38.22 19.6 -112.91 -92.4032 97.8657 
34.3 36.26 19.6 -76.2349 35.7381 -176.396 
32.34 42.14 19.6 142.684 17.8301 -105.881 
34.3 40.18 19.6 -13.8347 133.636 73.9734 
32.34 46.06 19.6 -103.893 74.8911 36.2089 
34.3 44.1 19.6 -82.9025 181.017 147.373 
36.26 2.94 19.6 -71.2179 -67.7709 -63.2868 
38.22 0.98 19.6 -135.544 23.1647 139.83 
36.26 6.86 19.6 -116.164 39.2684 -50.5132 
38.22 4.9 19.6 56.5975 110.827 175.477 
36.26 10.78 19.6 148.509 129.45 -139.685 
38.22 8.82 19.6 32.6406 -175.046 15.2678 
36.26 14.7 19.6 -12.5604 -60.6312 61.8643 
38.22 12.74 19.6 -44.1712 67.7209 15.1654 
36.26 18.62 19.6 124.887 -171.848 -151.974 
38.22 16.66 19.6 -2.63531 62.5115 -32.7348 
36.26 22.54 19.6 -106.937 -42.9145 32.9579 
38.22 20.58 19.6 122.476 49.0809 -26.0602 
36.26 26.46 19.6 1.68189 30.045 -318.574 
38.22 24.5 19.6 -128.833 -49.6628 6.60878 
36.26 30.38 19.6 131.462 -103.475 -8.06319 
38.22 28.42 19.6 -0.73585 -125.202 28.5208 
36.26 34.3 19.6 70.6998 -73.7072 -126.462 
38.22 32.34 19.6 -175.939 21.6561 -96.3189 
36.26 38.22 19.6 87.6872 -71.2957 20.7274 
38.22 36.26 19.6 145.067 -72.9558 48.7283 
36.26 42.14 19.6 228.919 -96.3914 121.217 
38.22 40.18 19.6 33.4763 6.84977 -81.7758 
36.26 46.06 19.6 -76.9121 -47.8246 3.39401 
38.22 44.1 19.6 -44.0005 39.8842 21.9834 
40.18 2.94 19.6 -42.7085 -95.0283 -89.341 
42.14 0.98 19.6 11.2069 -226.603 75.9194 
40.18 6.86 19.6 -63.8816 191.077 -103.442 
42.14 4.9 19.6 -15.3764 -121.379 100.425 
40.18 10.78 19.6 101.994 173.999 -2.18071 
42.14 8.82 19.6 61.2663 -216.971 -193.785 
40.18 14.7 19.6 125.485 224.741 40.1491 
42.14 12.74 19.6 134.093 102.956 125.276 
40.18 18.62 19.6 -45.2055 103.095 0.337108 
42.14 16.66 19.6 -77.4498 -47.4363 -118.967 
40.18 22.54 19.6 -26.3809 42.5755 200.685 
42.14 20.58 19.6 125.207 16.5813 -4.24661 
40.18 26.46 19.6 2.36897 204.652 -19.5706 
42.14 24.5 19.6 2.47002 -7.76511 -27.6785 
40.18 30.38 19.6 -14.3687 295.064 -59.7029 
42.14 28.42 19.6 -67.2505 33.5955 -114.484 
40.18 34.3 19.6 44.8817 -216.967 -92.4104 
42.14 32.34 19.6 72.0153 -41.6686 -52.6862 
40.18 38.22 19.6 -174.513 82.3905 45.675 
42.14 36.26 19.6 -73.7729 -91.159 62.4584 
40.18 42.14 19.6 45.6166 -66.4665 144.503 
42.14 40.18 19.6 -86.3 -98.2452 -79.3365 
40.18 46.06 19.6 -117.77 -3.83281 -0.511609 
42.14 44.1 19.6 241.371 -122.449 164.807 
44.1 2.94 19.6 92.3118 170.549 -106.969 
46.06 0.98 19.6 -101.225 32.4442 42.6849 
44.1 6.86 19.6 -20.7189 -34.8598 -37.0598 
46.06 4.9 19.6 -15.6909 -43.8556 -85.5053 
44.1 10.78 19.6 39.3252 -95.6006 -292.204 
46.06 8.82 19.6 40.2015 -172.012 -81.0068 
44.1 14.7 19.6 64.1839 119.404 52.924 
46.06 12.74 19.6 55.2712 21.791 131.358 
44.1 18.62 19.6 11.9244 122.314 240.552 
46.06 16.66 19.6 19.0439 -59.4706 36.6423 
44.1 22.54 19.6 -18.8547 4.75544 0.991551 
46.06 20.58 19.6 -105.25 -37.3115 56.7266 
44.1 26.46 19.6 16.4357 21.3037 -231.281 
46.06 24.5 19.6 16.3661 -253.758 63.3131 
44.1 30.38 19.6 -71.6851 -227.956 117.346 
46.06 28.42 19.6 -74.7073 46.1041 241.499 
44.1 34.3 19.6 183.166 -52.5226 -150.729 
46.06 32.34 19.6 -148.887 -24.8961 -92.3708 
44.1 38.22 19.6 -103.734 -97.5746 149.053 
46.06 36.26 19.6 15.3018 -47.0978 42.0907 
44.1 42.14 19.6 57.3754 -129.502 -124.894 
46.06 40.18 19.6 -33.1012 -165.385 -82.5871 
44.1 46.06 19.6 -180.967 -103.587 -21.6461 
46.06 44.1 19.6 113.35 -77.6906 -42.8738 
0.98 0.98 21.56 -12.6857 -48.6888 -33.2669 
2.94 2.94 21.56 -33.2399 136.756 -86.8128 
0.98 4.9 21.56 11.829 -27.3627 19.2233 
2.94 6.86 21.56 39.2437 -125.848 -127.245 
0.98 8.82 21.56 88.9195 -79.0817 42.9739 
2.94 10.78 21.56 -76.6737 101.941 290.136 
0.98 12.74 21.56 -161.341 61.6146 -29.4601 
2.94 14.7 21.56 -24.4708 -328.595 15.832 
0.98 16.66 21.56 -10.4048 -2.55789 -20.3162 
2.94 18.62 21.56 56.5872 52.8696 -195.368 
0.98 20.58 21.56 75.9246 124.34 33.2707 
2.94 22.54 21.56 70.9542 -160.744 -40.9325 
0.98 24.5 21.56 -143.377 -157.066 -44.7911 
2.94 26.46 21.56 92.2127 15.3081 -283.086 
0.98 28.42 21.56 26.4331 -80.8829 30.2058 
2.94 30.38 21.56 -17.281 51.4605 210.085 
0.98 32.34 21.56 -141.618 131.911 -169.605 
2.94 34.3 21.56 27.3738 72.811 97.9291 
0.98 36.26 21.56 -89.2693 -57.7913 -25.5173 
2.94 38.22 21.56 67.5081 71.7367 173.52 
0.98 40.18 21.56 25.5418 28.6581 -33.2579 
2.94 42.14 21.56 -215.663 55.2482 0.725478 
0.98 44.1 21.56 -122.562 -114.966 34.6859 
2.94 46.06 21.56 -235.3 -91.9778 15.7561 
4.9 0.98 21.56 49.7327 -118.446 198.684 
6.86 2.94 21.56 178.433 -77.2415 20.1542 
4.9 4.9 21.56 115.523 124.804 81.2398 
6.86 6.86 21.56 -135.142 -100.531 97.589 
4.9 8.82 21.56 94.3295 222.48 40.9177 
6.86 10.78 21.56 156.101 123.159 -77.8989 
4.9 12.74 21.56 -94.4139 60.5938 18.9733 
6.86 14.7 21.56 117.465 244.365 35.6593 
4.9 16.66 21.56 177.888 -62.4821 -34.2839 
6.86 18.62 21.56 -257.788 92.6876 -127.314 
4.9 20.58 21.56 116.071 -44.3109 8.89164 
6.86 22.54 21.56 -179.267 92.6114 69.0597 
4.9 24.5 21.56 -45.3531 -0.752756 79.2976 
6.86 26.46 21.56 92.2849 186.69 -0.188472 
4.9 28.42 21.56 143.053 31.1843 -138.535 
6.86 30.38 21.56 193.438 16.7817 -88.7806 
4.9 32.34 21.56 -168.867 82.352 -16.4859 
6.86 34.3 21.56 166.37 58.583 -10.7343 
4.9 36.26 21.56 216.869 38.7171 -1.7142 
6.86 38.22 21.56 -63.0041 -35.8442 53.9693 
4.9 40.18 21.56 -53.6388 -54.9258 -119.923 
6.86 42.14 21.56 -167.047 34.8571 -55.6768 
4.9 44.1 21.56 91.4811 -188.186 95.201 
6.86 46.06 21.56 -45.5552 -15.7889 314.628 
8.82 0.98 21.56 257.697 -106.178 168.558 
10.78 2.94 21.56 60.4398 -92.71 -274.428 
8.82 4.9 21.56 -307.837 86.7746 -43.5415 
10.78 6.86 21.56 -175.443 -4.73641 -107.711 
8.82 8.82 21.56 16.7924 115.576 18.5937 
10.78 10.78 21.56 -117.166 28.8866 -54.1341 
8.82 12.74 21.56 88.6992 -188.191 24.9108 
10.78 14.7 21.56 35.3888 34.1627 -0.415984 
8.82 16.66 21.56 180.903 -1.92154 -100.912 
10.78 18.62 21.56 -413.566 100.566 -11.8872 
8.82 20.58 21.56 -105.48 -121.156 19.6964 
10.78 22.54 21.56 72.6237 0.688595 181.389 
8.82 24.5 21.56 54.7054 110.595 190.096 
10.78 26.46 21.56 175.63 33.0842 -9.74912 
8.82 28.42 21.56 -57.9162 101.414 -33.1115 
10.78 30.38 21.56 16.9324 81.4721 185.635 
8.82 32.34 21.56 50.5396 -140.609 -72.8062 
10.78 34.3 21.56 4.90093 29.8744 -59.1971 
8.82 36.26 21.56 -198.445 -30.4982 215.114 
10.78 38.22 21.56 -17.6859 -19.4635 -244.211 
8.82 40.18 21.56 76.5415 -58.3959 -93.0241 
10.78 42.14 21.56 -82.0461 52.2682 26.2096 
8.82 44.1 21.56 206.063 -42.7573 29.2373 
10.78 46.06 21.56 1.74254 -145.722 133.856 
12.74 0.98 21.56 -142.237 178.122 26.2914 
14.7 2.94 21.56 -160.639 -68.4163 -110.327 
12.74 4.9 21.56 146.533 107.274 -1.51703 
14.7 6.86 21.56 -107.988 -49.6965 -124.235 
12.74 8.82 21.56 -1.14188 -222.799 78.3045 
14.7 10.78 21.56 17.5607 72.3125 288.011 
12.74 12.74 21.56 -75.8744 168.753 -58.4169 
14.7 14.7 21.56 -197.87 -179.301 95.4013 
12.74 16.66 21.56 131.66 -49.8346 7.09951 
14.7 18.62 21.56 17.3979 -35.0299 -106.127 
12.74 20.58 21.56 -54.2183 -140.116 -130.252 
14.7 22.54 21.56 13.695 -118.597 63.5753 
12.74 24.5 21.56 138.3 46.6252 -86.877 
14.7 26.46 21.56 -166.988 120.878 -82.7168 
12.74 28.42 21.56 -113.381 -8.28254 -95.8546 
14.7 30.38 21.56 -4.6811 41.8853 110.032 
12.74 32.34 21.56 272.656 -103.237 175.901 
14.7 34.3 21.56 22.231 -93.0185 71.1153 
12.74 36.26 21.56 11.1486 -172.701 -101.151 
14.7 38.22 21.56 26.4762 53.9238 -175.79 
12.74 40.18 21.56 -211.074 -149.454 146.915 
14.7 42.14 21.56 -83.4136 -60.2971 6.02225 
12.74 44.1 21.56 -45.3797 33.2073 282.54 
14.7 46.06 21.56 -186.442 5.16312 87.2439 
16.66 0.98 21.56 51.3999 -175.582 -73.0585 
18.62 2.94 21.56 172.54 252.545 37.9193 
16.66 4.9 21.56 -78.0522 -34.3895 -14.4534 
18.62 6.86 21.56 -31.5248 70.5369 -55.2891 
16.66 8.82 21.56 134.992 -87.2455 30.0886 
18.62 10.78 21.56 -210.968 147.999 -35.2788 
16.66 12.74 21.56 -117.906 -8.95148 41.8845 
18.62 14.7 21.56 80.3523 49.1806 85.8417 
16.66 16.66 21.56 4.82782 51.5908 -71.1704 
18.62 18.62 21.56 120.769 -66.7237 182.223 
16.66 20.58 21.56 -61.5569 -137.272 -98.3589 
18.62 22.54 21.56 -70.439 -360.662 64.4472 
16.66 24.5 21.56 -41.8525 51.9837 135.274 
18.62 26.46 21.56 -86.5198 -55.9017 -18.3318 
16.66 28.42 21.56 1.60863 -201.97 -16.3609 
18.62 30.38 21.56 160.055 116.001 36.8891 
16.66 32.34 21.56 -10.4171 70.2972 -118.822 
18.62 34.3 21.56 -158.217 -1.92708 59.2012 
16.66 36.26 21.56 8.4897 209.332 -25.7286 
18.62 38.22 21.56 32.9865 107.175 143.195 
16.66 40.18 21.56 46.7459 208.74 -188.789 
18.62 42.14 21.56 -240.909 19.2434 29.496 
16.66 44.1 21.56 169.429 88.2146 131.162 
18.62 46.06 21.56 -60.6009 184.867 -167.406 
20.58 0.98 21.56 34.9066 -178.216 3.85781 
22.54 2.94 21.56 -30.6779 -23.5591 -131.049 
20.58 4.9 21.56 192.439 -44.5005 -136.156 
22.54 6.86 21.56 142.843 85.9879 181.264 
20.58 8.82 21.56 2.94659 -267.983 -78.115 
22.54 10.78 21.56 214.522 96.8546 -49.3827 
20.58 12.74 21.56 154.128 47.3642 48.1325 
22.54 14.7 21.56 -129.722 98.4212 -78.7452 
20.58 16.66 21.56 -123.609 24.6734 77.0422 
22.54 18.62 21.56 -200.829 47.9058 179.586 
20.58 20.58 21.56 48.2686 -130.292 112.072 
22.54 22.54 21.56 -106.898 61.0214 69.3029 
20.58 24.5 21.56 54.1809 36.8809 72.5089 
22.54 26.46 21.56 90.6494 -375.192 -89.2364 
20.58 28.42 21.56 16.5212 -19.5425 77.0074 
22.54 30.38 21.56 38.073 181.398 -129.199 
20.58 32.34 21.56 55.9062 195.562 -15.9848 
22.54 34.3 21.56 -159.398 225.4 62.1327 
20.58 36.26 21.56 31.5502 73.2284 6.54079 
22.54 38.22 21.56 123.045 52.0985 128.868 
20.58 40.18 21.56 11.8437 -61.5946 -61.0493 
22.54 42.14 21.56 -10.952 155.468 -51.741 
20.58 44.1 21.56 -203.818 -168.991 45.3178 
22.54 46.06 21.56 -69.9567 -7.46665 -67.643 
24.5 0.98 21.56 161.075 -18.4609 89.0776 
26.46 2.94 21.56 125.273 -156.338 95.2071 
24.5 4.9 21.56 -138.236 73.2086 -112.518 
26.46 6.86 21.56 -156.095 -4.96397 -47.2768 
24.5 8.82 21.56 -9.54279 191.022 -21.6236 
26.46 10.78 21.56 1.21424 90.4516 90.9643 
24.5 12.74 21.56 -362.079 -97.8056 115.896 
26.46 14.7 21.56 199.224 12.6306 82.4329 
24.5 16.66 21.56 29.4724 -83.6881 39.6622 
26.46 18.62 21.56 72.6189 136.625 -247.443 
24.5 20.58 21.56 -50.4764 -93.4312 -23.8676 
26.46 22.54 21.56 -153.24 -118.599 -245.296 
24.5 24.5 21.56 -42.0897 1.45829 -35.8479 
26.46 26.46 21.56 -73.1404 -89.6364 -36.2371 
24.5 28.42 21.56 -3.23162 -60.0715 79.0536 
26.46 30.38 21.56 42.0868 -109.427 111.943 
24.5 32.34 21.56 -25.1479 -54.6776 -129.374 
26.46 34.3 21.56 -37.4582 -110.524 -75.1127 
24.5 36.26 21.56 -22.1967 237.861 -17.9808 
26.46 38.22 21.56 29.1557 -8.29272 91.7375 
24.5 40.18 21.56 63.4434 -140.74 -83.6149 
26.46 42.14 21.56 -126.466 13.2339 -38.6004 
24.5 44.1 21.56 -161.927 -61.2683 -26.6633 
26.46 46.06 21.56 -84.6034 71.9253 112.172 
28.42 0.98 21.56 49.8023 87.0488 -41.0158 
30.38 2.94 21.56 52.5444 -159.64 -51.4538 
28.42 4.9 21.56 -51.3204 83.4148 70.7306 
30.38 6.86 21.56 -123.977 220.551 35.4584 
28.42 8.82 21.56 67.0286 -30.6646 -69.2416 
30.38 10.78 21.56 -21.0696 37.7741 -83.6924 
28.42 12.74 21.56 -97.4974 -108.412 108.433 
30.38 14.7 21.56 -182.676 -178.694 -96.6007 
28.42 16.66 21.56 -118.433 -66.7618 -117.109 
30.38 18.62 21.56 225.87 -29.1169 -155.173 
28.42 20.58 21.56 -21.1157 -121.363 49.2395 
30.38 22.54 21.56 113.766 163.844 -43.904 
28.42 24.5 21.56 -99.7471 -6.10792 -97.9106 
30.38 26.46 21.56 -312.846 39.1711 46.6302 
28.42 28.42 21.56 -242.617 -18.4659 49.625 
30.38 30.38 21.56 112.349 93.3412 -161.536 
28.42 32.34 21.56 219.973 -85.1619 81.288 
30.38 34.3 21.56 -63.208 -43.835 -30.8321 
28.42 36.26 21.56 1.75863 -26.3672 -19.1224 
30.38 38.22 21.56 56.7559 125.874 -30.43 
28.42 40.18 21.56 264.545 -26.7647 187.016 
30.38 42.14 21.56 -74.6738 -53.3343 -228.57 
28.42 44.1 21.56 184.673 184.497 -138.069 
30.38 46.06 21.56 -124.344 -31.9018 -55.583 
32.34 0.98 21.56 123.912 323.003 -123.09 
34.3 2.94 21.56 -168.432 110.228 36.2112 
32.34 4.9 21.56 34.7942 -52.4638 158.946 
34.3 6.86 21.56 -39.6448 -90.252 -163.788 
32.34 8.82 21.56 55.9442 82.2696 119.14 
34.3 10.78 21.56 96.8695 -36.8413 -5.43877 
32.34 12.74 21.56 -219.548 -161.261 136.322 
34.3 14.7 21.56 76.5744 -56.6237 -41.6621 
32.34 16.66 21.56 66.4604 78.0558 -4.48631 
34.3 18.62 21.56 32.7334 275.176 44.5906 
32.34 20.58 21.56 -207.55 -74.9345 85.9453 
34.3 22.54 21.56 -179.751 -200.383 142.125 
32.34 24.5 21.56 -74.0585 96.9681 17.7128 
34.3 26.46 21.56 1.16002 -138.637 42.4075 
32.34 28.42 21.56 -63.7138 -111.611 96.7973 
34.3 30.38 21.56 10.2484 50.8678 0.285667 
32.34 32.34 21.56 8.93997 44.4685 73.0247 
34.3 34.3 21.56 -46.7252 -72.8444 -172.717 
32.34 36.26 21.56 38.4979 -59.5427 -216.698 
34.3 38.22 21.56 4.87469 78.2059 -10.4827 
32.34 40.18 21.56 -55.1013 114.061 -52.7895 
34.3 42.14 21.56 -56.9879 -122.728 -87.9112 
32.34 44.1 21.56 -65.1516 13.5224 23.207 
34.3 46.06 21.56 45.0945 -41.7802 27.4395 
36.26 0.98 21.56 -84.5829 -126.853 64.706 
38.22 2.94 21.56 -100.672 -34.2042 71.0615 
36.26 4.9 21.56 65.3209 -127.657 -45.9279 
38.22 6.86 21.56 23.1427 100.649 22.0796 
36.26 8.82 21.56 -78.2753 -80.7236 75.0224 
38.22 10.78 21.56 27.2827 -37.0974 198.834 
36.26 12.74 21.56 -123.827 -44.7295 -173.804 
38.22 14.7 21.56 37.0882 -306.068 102.395 
36.26 16.66 21.56 52.5168 92.2692 -20.6995 
38.22 18.62 21.56 -134.239 -22.2114 -50.3381 
36.26 20.58 21.56 34.4082 -56.3651 75.7169 
38.22 22.54 21.56 57.9127 33.8307 -40.7943 
36.26 24.5 21.56 117.706 -91.7128 -41.3586 
38.22 26.46 21.56 -45.7281 -108.385 -26.3395 
36.26 28.42 21.56 110.565 156.759 27.5489 
38.22 30.38 21.56 -121.303 2.63433 42.7988 
36.26 32.34 21.56 -159.618 -45.9419 118.835 
38.22 34.3 21.56 165.644 76.9418 -94.4424 
36.26 36.26 21.56 23.5113 67.4351 18.2684 
38.22 38.22 21.56 97.0674 172.647 31.3266 
36.26 40.18 21.56 144.079 43.0274 -96.6185 
38.22 42.14 21.56 -79.5615 236.648 -3.29506 
36.26 44.1 21.56 -59.1895 -127.574 5.11303 
38.22 46.06 21.56 49.3804 44.6027 191.629 
40.18 0.98 21.56 60.4687 119.522 187.438 
42.14 2.94 21.56 237.268 -1.67495 -87.0637 
40.18 4.9 21.56 -83.3554 81.662 114.666 
42.14 6.86 21.56 -58.3206 97.3128 -156.279 
40.18 8.82 21.56 237.025 -275.269 -23.8648 
42.14 10.78 21.56 -80.9319 11.4255 84.7804 
40.18 12.74 21.56 -74.2616 -172.095 41.1041 
42.14 14.7 21.56 -5.8661 -40.4555 44.4306 
40.18 16.66 21.56 127.122 -45.6364 100.312 
42.14 18.62 21.56 -21.4198 -4.73194 149.94 
40.18 20.58 21.56 168.785 -70.0597 141.805 
42.14 22.54 21.56 -134.147 -87.8832 4.89622 
40.18 24.5 21.56 126.496 -50.8087 88.7068 
42.14 26.46 21.56 53.0628 -36.4683 177.286 
40.18 28.42 21.56 -171.012 220.614 -71.4887 
42.14 30.38 21.56 -56.5023 161.961 40.5619 
40.18 32.34 21.56 -9.30974 -98.827 -60.7044 
42.14 34.3 21.56 -52.9909 22.7303 132.429 
40.18 36.26 21.56 174.368 190.446 236.358 
42.14 38.22 21.56 70.3299 66.4995 175.747 
40.18 40.18 21.56 120.323 111.026 112.527 
42.14 42.14 21.56 -11.3993 136.134 -146.098 
40.18 44.1 21.56 83.0351 30.3497 50.3563 
42.14 46.06 21.56 -57.7475 -57.2101 145.247 
44.1 0.98 21.56 -3.18607 -237.598 28.6576 
46.06 2.94 21.56 108.767 -88.645 -24.1572 
44.1 4.9 21.56 -36.4973 -203.403 -8.67643 
46.06 6.86 21.56 21.3984 73.5366 -139.968 
44.1 8.82 21.56 -91.4969 27.7819 -121.489 
46.06 10.78 21.56 83.1267 75.6383 120.793 
44.1 12.74 21.56 -89.5727 -39.2746 -42.9826 
46.06 14.7 21.56 90.3409 6.90269 5.86574 
44.1 16.66 21.56 -31.8487 46.7465 -118.611 
46.06 18.62 21.56 36.5926 35.3375 56.2425 
44.1 20.58 21.56 157.048 177.892 94.4057 
46.06 22.54 21.56 123.077 -144.288 71.2723 
44.1 24.5 21.56 -2.5666 14.5192 -17.7347 
46.06 26.46 21.56 -64.8225 -109.473 -50.1169 
44.1 28.42 21.56 12.6049 -181.857 171.844 
46.06 30.38 21.56 -111.721 18.9076 103.637 
44.1 32.34 21.56 47.2074 7.90134 7.05042 
46.06 34.3 21.56 99.2772 18.8938 112.09 
44.1 36.26 21.56 -285.319 191.944 -47.8222 
46.06 38.22 21.56 -44.5535 -31.187 74.3692 
44.1 40.18 21.56 42.4647 39.4003 -212.47 
46.06 42.14 21.56 114.047 15.7173 -107.381 
44.1 44.1 21.56 -59.8493 78.448 195.454 
46.06 46.06 21.56 -81.8631 21.9973 -71.0586 
