0.98 0.98 13.72 -113.672 -135.156 10.4391 
2.94 2.94 13.72 -70.4046 -49.9044 -115.786 
0.98 4.9 13.72 -5.61328 11.5963 131.55 
2.94 6.86 13.72 135.098 4.06383 4.83703 
0.98 8.82 13.72 170.49 -38.8585 -50.2366 
2.94 10.78 13.72 -129.377 80.8315 -119.782 
0.98 12.74 13.72 -52.8379 86.598 -40.6935 
2.94 14.7 13.72 -10.8019 69.2605 98.8992 
0.98 16.66 13.72 42.125 -46.9098 -0.0122799 
2.94 18.62 13.72 49.5908 124.346 7.01197 
0.98 20.58 13.72 61.4634 24.4119 -120.123 
2.94 22.54 13.72 126.951 -76.8233 -47.066 
0.98 24.5 13.72 92.4068 12.1096 -31.3727 
2.94 26.46 13.72 38.6298 53.4214 -39.6653 
0.98 28.42 13.72 64.6011 153.376 -98.8237 
2.94 30.38 13.72 -5.7699 49.8454 -125.878 
0.98 32.34 13.72 37.0105 -2.03954 -48.7146 
2.94 34.3 13.72 -88.74 64.7001 44.6484 
0.98 36.26 13.72 -19.0216 -107.911 -24.6971 
2.94 38.22 13.72 130.696 7.86175 -3.79906 
0.98 40.18 13.72 35.2931 -53.4209 -69.8517 
2.94 42.14 13.72 9.97584 120.811 10.5106 
0.98 44.1 13.72 -78.4275 63.8133 -12.2198 
2.94 46.06 13.72 72.0313 69.2929 42.0593 
4.9 0.98 13.72 99.2098 14.1514 -25.4928 
6.86 2.94 13.72 -143.94 28.3567 -59.8361 
4.9 4.9 13.72 -7.23165 26.3397 84.3967 
6.86 6.86 13.72 -33.3905 69.289 32.7786 
4.9 8.82 13.72 -167.809 -44.0216 108.311 
6.86 10.78 13.72 -157.531 -46.398 -80.7475 
4.9 12.74 13.72 104.484 107.176 -41.9263 
6.86 14.7 13.72 93.7058 7.77813 46.985 
4.9 16.66 13.72 -55.5277 39.5237 98.2327 
6.86 18.62 13.72 65.8454 102.266 -17.0159 
4.9 20.58 13.72 65.0714 -21.5289 -30.9838 
6.86 22.54 13.72 124.953 -4.49605 -1.24596 
4.9 24.5 13.72 -122.083 66.2294 9.0214 
6.86 26.46 13.72 36.5351 -136.6 101.813 
4.9 28.42 13.72 -46.9213 21.1482 -60.7241 
6.86 30.38 13.72 -39.3992 -76.234 60.2744 
4.9 32.34 13.72 -146.585 -48.7045 124.7 
6.86 34.3 13.72 -76.0092 66.6035 45.9026 
4.9 36.26 13.72 -40.0828 -72.8212 42.4762 
6.86 38.22 13.72 -62.0111 -22.6998 17.0932 
4.9 40.18 13.72 -10.5538 -51.1758 109.248 
6.86 42.14 13.72 -123.479 -45.3392 136.697 
4.9 44.1 13.72 83.2993 -68.2106 28.1264 
6.86 46.06 13.72 101.911 -0.748612 138.939 
8.82 0.98 13.72 57.3541 -12.5417 -41.0868 
10.78 2.94 13.72 -42.7446 65.15 -8.55694 
8.82 4.9 13.72 -21.6504 -129.041 66.2437 
10.78 6.86 13.72 -5.38687 133.243 -10.3147 
8.82 8.82 13.72 47.7818 65.4959 -91.0575 
10.78 10.78 13.72 62.5513 -13.8652 48.937 
8.82 12.74 13.72 -247.22 -119.645 2.31382 
10.78 14.7 13.72 1.18723 -108.442 68.0568 
8.82 16.66 13.72 -17.6243 105.749 -160.824 
10.78 18.62 13.72 -16.2692 187.565 -147.304 
8.82 20.58 13.72 -131.944 -24.6827 -51.2706 
10.78 22.54 13.72 165.732 -44.6038 56.2077 
8.82 24.5 13.72 -105.989 106.278 -95.8616 
10.78 26.46 13.72 -49.6877 -58.1894 -31.3816 
8.82 28.42 13.72 -114.665 107.819 -125.918 
10.78 30.38 13.72 81.6267 79.7986 86.6293 
8.82 32.34 13.72 78.2041 39.0831 -123.163 
10.78 34.3 13.72 -36.4454 -40.7341 -89.4102 
8.82 36.26 13.72 -103.828 137.151 -8.41305 
10.78 38.22 13.72 94.605 40.2961 173.292 
8.82 40.18 13.72 38.077 110.833 14.5095 
10.78 42.14 13.72 71.258 -60.2504 44.4368 
8.82 44.1 13.72 -22.7004 -74.9316 40.9938 
10.78 46.06 13.72 3.57619 -25.4014 108.228 
12.74 0.98 13.72 82.6523 -23.4816 -65.5816 
14.7 2.94 13.72 -91.0299 -78.5162 65.4299 
12.74 4.9 13.72 92.959 130.208 -150.806 
14.7 6.86 13.72 17.7238 -44.0324 -64.9281 
12.74 8.82 13.72 -82.7846 -146.454 -62.739 
14.7 10.78 13.72 -154.724 -72.1447 -56.8869 
12.74 12.74 13.72 9.43823 101.576 -10.4917 
14.7 14.7 13.72 -58.6783 -106.295 115.729 
12.74 16.66 13.72 -18.1212 22.4712 12.9523 
14.7 18.62 13.72 -175.958 -24.0324 -41.4151 
12.74 20.58 13.72 37.9801 -267.138 93.8751 
14.7 22.54 13.72 -5.66583 203.927 145.824 
12.74 24.5 13.72 -106.155 -14.7301 -141.881 
14.7 26.46 13.72 -62.3098 9.63654 -27.772 
12.74 28.42 13.72 -117.495 39.9022 -6.90457 
14.7 30.38 13.72 -18.9856 79.668 26.4068 
12.74 32.34 13.72 51.0778 117.93 35.3493 
14.7 34.3 13.72 119.489 21.2113 -75.8747 
12.74 36.26 13.72 -93.6938 -93.3272 77.7482 
14.7 38.22 13.72 -18.0874 -8.61569 -89.429 
12.74 40.18 13.72 29.9664 -74.5803 191.027 
14.7 42.14 13.72 71.9159 -36.4188 -38.6643 
12.74 44.1 13.72 65.5885 33.5285 -47.1826 
14.7 46.06 13.72 -114.657 -61.0567 47.6837 
16.66 0.98 13.72 141.925 -37.1615 -12.5143 
18.62 2.94 13.72 -92.3769 -16.0719 27.7105 
16.66 4.9 13.72 37.2218 82.4287 168.992 
18.62 6.86 13.72 -116.126 96.7964 -165.598 
16.66 8.82 13.72 60.8102 -45.4068 -20.0703 
18.62 10.78 13.72 -48.4125 -31.1578 -18.5784 
16.66 12.74 13.72 -12.3153 -65.7239 72.387 
18.62 14.7 13.72 -182.036 56.1562 -119.381 
16.66 16.66 13.72 126.568 5.5311 -5.05615 
18.62 18.62 13.72 -79.8926 87.4893 -16.5823 
16.66 20.58 13.72 -1.32629 -74.4251 28.2709 
18.62 22.54 13.72 120.109 -139.804 12.7804 
16.66 24.5 13.72 57.875 -17.1214 -106.827 
18.62 26.46 13.72 -73.9917 -20.4507 38.7941 
16.66 28.42 13.72 12.8012 -43.706 -77.6499 
18.62 30.38 13.72 59.2168 240.564 116.418 
16.66 32.34 13.72 41.5848 28.2788 -46.3738 
18.62 34.3 13.72 34.5456 -51.5887 -12.2165 
16.66 36.26 13.72 -83.5017 -15.5239 -29.0953 
18.62 38.22 13.72 70.761 78.2114 -132.138 
16.66 40.18 13.72 48.4921 7.83967 -167.815 
18.62 42.14 13.72 31.5236 -54.5741 -97.5303 
16.66 44.1 13.72 -143.828 0.768744 -69.5525 
18.62 46.06 13.72 65.4228 -115.032 -16.5105 
20.58 0.98 13.72 -110.598 -104.224 131.175 
22.54 2.94 13.72 18.9945 -218.089 45.138 
20.58 4.9 13.72 199.183 62.4948 53.1224 
22.54 6.86 13.72 -49.055 57.5357 -51.3491 
20.58 8.82 13.72 -38.05 41.2131 58.2363 
22.54 10.78 13.72 3.64753 -70.9066 -65.178 
20.58 12.74 13.72 -34.846 -94.2691 -74.8503 
22.54 14.7 13.72 -48.7729 -22.7953 -4.70332 
20.58 16.66 13.72 64.0935 -103.267 91.2359 
22.54 18.62 13.72 -251.083 22.3255 115.5 
20.58 20.58 13.72 -65.1627 120.862 161.862 
22.54 22.54 13.72 -30.5058 24.643 -25.748 
20.58 24.5 13.72 13.6675 84.4763 -72.187 
22.54 26.46 13.72 -195.154 -118.747 -9.04514 
20.58 28.42 13.72 96.7179 -121.392 14.2226 
22.54 30.38 13.72 47.8787 -14.1483 42.0514 
20.58 32.34 13.72 -0.51834 -44.2913 -25.9105 
22.54 34.3 13.72 66.9547 82.401 -85.1972 
20.58 36.26 13.72 -38.6759 -28.2211 -71.2343 
22.54 38.22 13.72 25.9772 -53.5614 11.4493 
20.58 40.18 13.72 -41.2823 -40.197 6.21638 
22.54 42.14 13.72 -64.734 25.5702 126.975 
20.58 44.1 13.72 -22.9005 19.9069 16.2109 
22.54 46.06 13.72 -23.8776 38.1873 5.12595 
24.5 0.98 13.72 25.1001 -126.581 108.584 
26.46 2.94 13.72 39.29 102.552 60.9175 
24.5 4.9 13.72 -4.53484 21.0223 222.238 
26.46 6.86 13.72 80.8199 -48.9442 -30.0742 
24.5 8.82 13.72 -6.73405 -62.6609 5.04281 
26.46 10.78 13.72 73.7043 -32.2576 63.3134 
24.5 12.74 13.72 -42.1728 101.748 11.9928 
26.46 14.7 13.72 147.3 -89.711 -111.73 
24.5 16.66 13.72 -77.616 -31.9493 68.2731 
26.46 18.62 13.72 36.0696 -5.6018 125.056 
24.5 20.58 13.72 99.841 78.4849 21.2096 
26.46 22.54 13.72 104.608 155.69 -196.438 
24.5 24.5 13.72 -40.154 90.2708 -98.9417 
26.46 26.46 13.72 3.21184 60.5579 47.4113 
24.5 28.42 13.72 -19.9275 16.2502 -70.3382 
26.46 30.38 13.72 -60.9759 -70.7915 51.8767 
24.5 32.34 13.72 27.5362 -88.2026 10.0774 
26.46 34.3 13.72 -20.7861 -23.8559 50.6222 
24.5 36.26 13.72 12.3728 -158.345 -298.413 
26.46 38.22 13.72 58.6801 54.6042 14.5712 
24.5 40.18 13.72 -110.281 20.9251 -11.5521 
26.46 42.14 13.72 17.9992 19.7917 134.065 
24.5 44.1 13.72 -77.6769 87.2932 14.818 
26.46 46.06 13.72 51.1473 37.068 124.985 
28.42 0.98 13.72 -112.882 -26.8065 -29.4285 
30.38 2.94 13.72 179.223 115.741 92.8143 
28.42 4.9 13.72 -26.3618 -46.3071 -90.3879 
30.38 6.86 13.72 -0.561063 -35.964 111.158 
28.42 8.82 13.72 111.447 -18.4105 12.5833 
30.38 10.78 13.72 -69.1138 -56.9396 -160.013 
28.42 12.74 13.72 -90.4905 -21.4707 -207.281 
30.38 14.7 13.72 4.80932 67.3076 -74.9688 
28.42 16.66 13.72 93.7868 -33.2483 28.1444 
30.38 18.62 13.72 57.0841 -81.1511 39.4182 
28.42 20.58 13.72 -4.58233 -33.7232 -126.933 
30.38 22.54 13.72 83.5362 -77.764 74.1796 
28.42 24.5 13.72 -71.0453 -52.516 -132.259 
30.38 26.46 13.72 12.6929 -103.865 -60.4894 
28.42 28.42 13.72 10.8278 33.2181 125.334 
30.38 30.38 13.72 -26.3514 -14.4604 25.7377 
28.42 32.34 13.72 -50.4951 -16.5558 9.8094 
30.38 34.3 13.72 52.6083 8.52131 18.1271 
28.42 36.26 13.72 11.6048 -13.4876 -90.5409 
30.38 38.22 13.72 -116.88 -42.8089 -108.304 
28.42 40.18 13.72 -99.5949 10.5117 -69.4527 
30.38 42.14 13.72 71.8772 207.814 -54.1311 
28.42 44.1 13.72 -43.1707 -22.8848 -39.0575 
30.38 46.06 13.72 16.4801 58.5871 0.733046 
32.34 0.98 13.72 20.8952 110.829 -22.2098 
34.3 2.94 13.72 -13.6507 38.3089 100.765 
32.34 4.9 13.72 45.4572 38.9646 -22.9706 
34.3 6.86 13.72 80.4702 -47.5292 41.4097 
32.34 8.82 13.72 -122.517 42.4703 47.7456 
34.3 10.78 13.72 -17.3442 -6.36838 -129.38 
32.34 12.74 13.72 115.408 164.746 -23.6886 
34.3 14.7 13.72 94.0729 115.735 5.45729 
32.34 16.66 13.72 -48.4789 77.8389 56.444 
34.3 18.62 13.72 -7.55471 -46.1548 -29.2782 
32.34 20.58 13.72 38.3715 28.1372 -26.7796 
34.3 22.54 13.72 -160.207 87.4131 55.6445 
32.34 24.5 13.72 -76.3801 14.4892 -127.781 
34.3 26.46 13.72 -52.883 69.6646 -26.5777 
32.34 28.42 13.72 46.8061 13.5836 35.0184 
34.3 30.38 13.72 -112.131 96.7252 113.242 
32.34 32.34 13.72 45.9489 -30.5514 -107.24 
34.3 34.3 13.72 -90.2292 29.3936 -134.376 
32.34 36.26 13.72 -57.2594 -28.8779 -52.4062 
34.3 38.22 13.72 -10.0711 139.231 -82.0745 
32.34 40.18 13.72 16.5543 -37.5297 -33.1749 
34.3 42.14 13.72 21.6234 -39.7444 -15.0278 
32.34 44.1 13.72 80.6718 152.338 6.40931 
34.3 46.06 13.72 114.071 -90.6385 -22.9457 
36.26 0.98 13.72 14.9416 91.9096 3.63712 
38.22 2.94 13.72 -27.9142 72.4417 101.476 
36.26 4.9 13.72 123.401 -31.9692 -42.4327 
38.22 6.86 13.72 68.7501 22.9359 -49.975 
36.26 8.82 13.72 32.2434 12.5334 -32.1862 
38.22 10.78 13.72 -53.9201 -83.6723 -71.3216 
36.26 12.74 13.72 -43.6778 70.9918 7.43519 
38.22 14.7 13.72 26.8673 92.5745 185.104 
36.26 16.66 13.72 -0.616731 33.9823 -31.188 
38.22 18.62 13.72 37.4239 130.535 -8.93464 
36.26 20.58 13.72 62.8779 132.012 -44.6955 
38.22 22.54 13.72 177.468 156.217 77.1692 
36.26 24.5 13.72 47.6297 -100.334 41.7869 
38.22 26.46 13.72 -119.384 -17.1446 20.7301 
36.26 28.42 13.72 -0.114075 -51.7451 -45.0024 
38.22 30.38 13.72 -19.1443 35.9128 135.155 
36.26 32.34 13.72 -102.956 -75.7289 -110.173 
38.22 34.3 13.72 46.3677 63.6739 -99.2945 
36.26 36.26 13.72 17.3615 30.7539 -21.236 
38.22 38.22 13.72 140.089 -22.9587 123.365 
36.26 40.18 13.72 106.682 -55.0659 -64.6632 
38.22 42.14 13.72 13.9458 -31.6903 -77.5283 
36.26 44.1 13.72 -43.4926 -30.0125 75.3019 
38.22 46.06 13.72 45.1097 -81.9807 -4.65947 
40.18 0.98 13.72 90.0694 -198.001 114.756 
42.14 2.94 13.72 127.35 -43.3729 20.7448 
40.18 4.9 13.72 -46.2534 -70.9745 -9.88941 
42.14 6.86 13.72 22.0635 55.7185 -65.4362 
40.18 8.82 13.72 26.2592 -186.384 -162.85 
42.14 10.78 13.72 -29.6134 76.4754 89.3826 
40.18 12.74 13.72 -72.5667 160.259 107.481 
42.14 14.7 13.72 -108.247 41.6677 -56.8978 
40.18 16.66 13.72 -3.01698 76.0355 69.8078 
42.14 18.62 13.72 -57.9283 73.1567 -1.45358 
40.18 20.58 13.72 -66.3657 28.5061 149.972 
42.14 22.54 13.72 160.964 -71.0536 56.6764 
40.18 24.5 13.72 61.6595 -113.532 -3.59798 
42.14 26.46 13.72 86.7299 91.1597 -115.492 
40.18 28.42 13.72 36.0869 14.6223 -4.88456 
42.14 30.38 13.72 131.037 90.0984 -105.64 
40.18 32.34 13.72 30.1225 -102.839 34.0801 
42.14 34.3 13.72 -178.852 -35.0866 17.868 
40.18 36.26 13.72 88.1241 121.758 33.7365 
42.14 38.22 13.72 100.819 106.719 124.02 
40.18 40.18 13.72 128.858 -2.23698 -20.2516 
42.14 42.14 13.72 -52.771 16.8015 -92.9939 
40.18 44.1 13.72 -51.6504 121.845 -45.2695 
42.14 46.06 13.72 -73.7884 250.477 -36.6487 
44.1 0.98 13.72 -4.81116 66.4417 1.78002 
46.06 2.94 13.72 -154.542 177.348 -86.6559 
44.1 4.9 13.72 38.398 -24.7873 5.93531 
46.06 6.86 13.72 17.7766 55.343 79.3585 
44.1 8.82 13.72 -12.0822 -42.4293 0.408379 
46.06 10.78 13.72 33.9065 -4.6474 56.5787 
44.1 12.74 13.72 134.772 137.775 -13.1677 
46.06 14.7 13.72 59.7933 -68.4205 -14.0649 
44.1 16.66 13.72 46.4257 64.282 28.8638 
46.06 18.62 13.72 29.4241 16.1093 -108.884 
44.1 20.58 13.72 26.708 -92.0056 13.9817 
46.06 22.54 13.72 -85.5662 -54.2581 -84.6965 
44.1 24.5 13.72 84.7957 38.792 -34.3471 
46.06 26.46 13.72 110.616 125.759 -132.411 
44.1 28.42 13.72 75.7521 -110.909 -77.9465 
46.06 30.38 13.72 43.0627 23.9838 -71.5616 
44.1 32.34 13.72 134.069 -21.1815 -109.24 
46.06 34.3 13.72 -197.272 150.948 -58.0556 
44.1 36.26 13.72 -17.4784 64.9493 48.5591 
46.06 38.22 13.72 79.3479 -119.905 92.2808 
44.1 40.18 13.72 -6.23347 160.214 12.0905 
46.06 42.14 13.72 103.491 -84.1164 37.6772 
44.1 44.1 13.72 -16.3963 -10.2248 -26.0824 
46.06 46.06 13.72 29.4204 -9.93269 -75.3576 
0.98 2.94 15.68 50.7444 60.4379 -36.7177 
2.94 0.98 15.68 40.0608 -44.1892 76.4728 
0.98 6.86 15.68 -52.4963 -82.1305 9.43205 
2.94 4.9 15.68 43.8931 154.249 199.148 
0.98 10.78 15.68 70.5026 23.4081 -43.8708 
2.94 8.82 15.68 -41.6586 -64.227 95.3757 
0.98 14.7 15.68 5.15878 -5.58876 8.56714 
2.94 12.74 15.68 -89.2328 66.9403 -50.2267 
0.98 18.62 15.68 -27.2996 77.2593 12.0758 
2.94 16.66 15.68 -4.16145 104.11 77.4401 
0.98 22.54 15.68 -26.2978 5.07422 -106.173 
2.94 20.58 15.68 -49.4658 -49.8748 -141.26 
0.98 26.46 15.68 156.035 100.108 -61.126 
2.94 24.5 15.68 27.3269 36.1304 44.0919 
0.98 30.38 15.68 35.7864 -5.12028 13.6189 
2.94 28.42 15.68 -46.8245 -103.304 17.6522 
0.98 34.3 15.68 46.8174 -123.349 55.174 
2.94 32.34 15.68 76.2439 -163.081 104.373 
0.98 38.22 15.68 -41.1929 122.459 -115.634 
2.94 36.26 15.68 -59.3971 25.8882 -35.2078 
0.98 42.14 15.68 112.733 111.939 -31.0023 
2.94 40.18 15.68 135.476 -77.4617 82.3356 
0.98 46.06 15.68 56.0687 8.86485 -49.359 
2.94 44.1 15.68 -159.671 -16.6432 -23.588 
4.9 2.94 15.68 18.2216 -23.5112 -51.0402 
6.86 0.98 15.68 8.31085 -89.1194 59.6556 
4.9 6.86 15.68 -46.6862 61.5478 49.7028 
6.86 4.9 15.68 109.424 -150.449 -142.162 
4.9 10.78 15.68 -71.2467 -38.881 84.4428 
6.86 8.82 15.68 166.472 -8.87674 93.4419 
4.9 14.7 15.68 -34.6643 12.6483 3.11787 
6.86 12.74 15.68 25.6787 -35.1679 -66.9068 
4.9 18.62 15.68 -77.8952 -163.077 36.2563 
6.86 16.66 15.68 70.4077 -135.304 -8.36345 
4.9 22.54 15.68 -11.1997 -28.0737 -77.2855 
6.86 20.58 15.68 51.6283 48.9464 -70.8369 
4.9 26.46 15.68 -57.1633 15.3253 -66.0488 
6.86 24.5 15.68 28.7995 -28.009 -58.8686 
4.9 30.38 15.68 -114.204 101.215 1.6885 
6.86 28.42 15.68 68.3271 42.7673 37.6461 
4.9 34.3 15.68 137.712 -46.8518 12.7105 
6.86 32.34 15.68 105.814 -21.469 -115.458 
4.9 38.22 15.68 -55.531 -34.4462 85.8357 
6.86 36.26 15.68 -87.7441 8.05797 23.9104 
4.9 42.14 15.68 -12.4254 67.1638 169.291 
6.86 40.18 15.68 -61.3791 128.692 -1.90632 
4.9 46.06 15.68 15.743 -238.461 -22.9806 
6.86 44.1 15.68 46.8832 -45.8249 -10.8811 
8.82 2.94 15.68 -100.995 -31.5543 -17.6355 
10.78 0.98 15.68 -92.2506 83.9561 -105.637 
8.82 6.86 15.68 -42.2 14.0237 -12.5141 
10.78 4.9 15.68 23.7271 -50.9675 -15.725 
8.82 10.78 15.68 81.9489 137.316 -21.88 
10.78 8.82 15.68 130.098 18.0255 -61.5381 
8.82 14.7 15.68 38.3501 -39.8948 -27.7702 
10.78 12.74 15.68 -62.3074 -34.0783 -11.5061 
8.82 18.62 15.68 50.8136 -72.7334 -83.1774 
10.78 16.66 15.68 79.2947 143.754 90.9672 
8.82 22.54 15.68 -58.4745 -118.51 -38.6957 
10.78 20.58 15.68 170.632 -90.0791 42.5439 
8.82 26.46 15.68 12.8294 13.1151 55.4639 
10.78 24.5 15.68 81.1046 -48.9634 -24.3775 
8.82 30.38 15.68 179.66 4.7798 -73.8564 
10.78 28.42 15.68 -30.4879 3.58721 -95.9021 
8.82 34.3 15.68 39.6684 60.687 22.1819 
10.78 32.34 15.68 -49.9444 101.835 177.696 
8.82 38.22 15.68 -76.9497 119.598 -96.154 
10.78 36.26 15.68 70.084 -13.9452 106.861 
8.82 42.14 15.68 -21.272 65.4258 -46.644 
10.78 40.18 15.68 23.664 -132.385 -13.9012 
8.82 46.06 15.68 86.2879 84.8837 42.2652 
10.78 44.1 15.68 -10.4786 97.0679 -90.6337 
12.74 2.94 15.68 -17.1827 -127.48 -26.7784 
14.7 0.98 15.68 -25.9577 196.322 -121.544 
12.74 6.86 15.68 128.016 -59.1817 50.5481 
14.7 4.9 15.68 119.342 22.4835 -26.969 
12.74 10.78 15.68 -79.4496 96.6923 -141.416 
14.7 8.82 15.68 34.765 -193 -23.3121 
12.74 14.7 15.68 64.4382 70.5207 9.77079 
14.7 12.74 15.68 112.628 -25.4762 -119.272 
12.74 18.62 15.68 -38.8144 -26.5352 -32.3503 
14.7 16.66 15.68 176.259 -230.11 -2.74469 
12.74 22.54 15.68 19.1771 -15.6654 -44.8441 
14.7 20.58 15.68 -7.66642 -69.5629 -44.2089 
12.74 26.46 15.68 -43.6755 21.9618 1.01476 
14.7 24.5 15.68 -26.1421 -97.7147 -78.2266 
12.74 30.38 15.68 -66.9768 -1.54605 37.7263 
14.7 28.42 15.68 96.2721 -2.91128 54.3319 
12.74 34.3 15.68 161.667 45.6509 -59.1474 
14.7 32.34 15.68 -56.3029 -47.0586 140.893 
12.74 38.22 15.68 55.0844 117.98 -46.9705 
14.7 36.26 15.68 26.6249 -32.2656 -191.465 
12.74 42.14 15.68 -15.1352 -121.16 111.183 
14.7 40.18 15.68 7.22865 -24.6079 69.6588 
12.74 46.06 15.68 -92.4467 -5.70332 -1.92179 
14.7 44.1 15.68 55.2181 -63.7503 -49.4377 
16.66 2.94 15.68 81.5747 35.8639 27.3824 
18.62 0.98 15.68 7.23978 87.7382 1.42683 
16.66 6.86 15.68 117.633 3.25085 -121.365 
18.62 4.9 15.68 -45.3507 -97.9185 -43.2848 
16.66 10.78 15.68 75.3338 -110.423 -13.973 
18.62 8.82 15.68 -49.1569 -25.8507 -105.004 
16.66 14.7 15.68 -76.8223 -49.1354 -46.6771 
18.62 12.74 15.68 -75.2235 -3.05561 -77.93 
16.66 18.62 15.68 -54.2323 -9.6903 -8.25072 
18.62 16.66 15.68 -100.369 121.215 -60.1953 
16.66 22.54 15.68 -60.058 -0.00258164 -7.08388 
18.62 20.58 15.68 25.6833 -30.208 87.1706 
16.66 26.46 15.68 -105.239 29.7807 -127.696 
18.62 24.5 15.68 -110.617 165.568 104.356 
16.66 30.38 15.68 4.43063 -61.8984 48.3737 
18.62 28.42 15.68 67.6677 30.2559 -48.4209 
16.66 34.3 15.68 -31.9439 -21.1793 122.244 
18.62 32.34 15.68 -97.3956 -61.4927 0.141793 
16.66 38.22 15.68 82.6105 19.0865 -9.24536 
18.62 36.26 15.68 98.0283 111.666 -49.9999 
16.66 42.14 15.68 -21.5782 58.3091 -4.4968 
18.62 40.18 15.68 -128.067 -105.568 7.33135 
16.66 46.06 15.68 45.6862 130.187 -40.4724 
18.62 44.1 15.68 -79.1362 -55.3823 -56.8857 
20.58 2.94 15.68 21.5623 -64.5533 50.9641 
22.54 0.98 15.68 -125.538 97.2812 -48.9939 
20.58 6.86 15.68 -12.2538 -18.6476 -26.3184 
22.54 4.9 15.68 -7.01889 -38.299 4.5097 
20.58 10.78 15.68 -149.649 175.792 92.0294 
22.54 8.82 15.68 192.878 84.6485 -13.0349 
20.58 14.7 15.68 0.889142 161.566 0.436694 
22.54 12.74 15.68 26.9698 -31.1195 94.4842 
20.58 18.62 15.68 -100.059 -21.0807 -69.9819 
22.54 16.66 15.68 -86.7113 -73.1246 -10.5164 
20.58 22.54 15.68 128.584 -43.4702 -22.113 
22.54 20.58 15.68 33.1156 26.2431 10.069 
20.58 26.46 15.68 -108.57 125.177 -47.6059 
22.54 24.5 15.68 20.1964 68.5445 48.7283 
20.58 30.38 15.68 -108.938 -50.7166 37.8379 
22.54 28.42 15.68 -73.0179 174.027 146.491 
20.58 34.3 15.68 15.9048 14.23 -2.68283 
22.54 32.34 15.68 -83.1474 83.3602 88.7972 
20.58 38.22 15.68 121.238 193.22 -63.9235 
22.54 36.26 15.68 -58.9643 -31.9579 -209.889 
20.58 42.14 15.68 36.9573 -26.5087 31.849 
22.54 40.18 15.68 -193.26 7.9433 151.496 
20.58 46.06 15.68 31.5487 -18.5245 60.9784 
22.54 44.1 15.68 20.9383 -47.8853 -58.3524 
24.5 2.94 15.68 -13.9374 -32.4334 20.5609 
26.46 0.98 15.68 -163.515 -137.119 46.2853 
24.5 6.86 15.68 2.94308 -85.251 -221.074 
26.46 4.9 15.68 96.1953 -84.1846 -81.1716 
24.5 10.78 15.68 211.933 -14.712 2.73116 
26.46 8.82 15.68 -32.9916 -127.977 190.114 
24.5 14.7 15.68 -39.0739 170.011 59.902 
26.46 12.74 15.68 -82.0219 118.155 -153.912 
24.5 18.62 15.68 78.1622 117.968 86.9609 
26.46 16.66 15.68 -36.8765 17.2797 108.86 
24.5 22.54 15.68 6.07777 32.3758 -124.931 
26.46 20.58 15.68 -35.5872 -99.3145 14.9383 
24.5 26.46 15.68 27.7355 57.2258 66.6395 
26.46 24.5 15.68 107.768 -72.1503 -45.8409 
24.5 30.38 15.68 -23.5334 -10.1618 -42.2557 
26.46 28.42 15.68 -56.3429 -34.7032 53.5653 
24.5 34.3 15.68 -106.484 142.493 120.897 
26.46 32.34 15.68 45.9065 48.8912 44.388 
24.5 38.22 15.68 42.8564 -66.7998 103.424 
26.46 36.26 15.68 -44.2813 55.9549 187.27 
24.5 42.14 15.68 46.367 0.999977 14.8283 
26.46 40.18 15.68 -55.5229 -8.69883 76.3536 
24.5 46.06 15.68 22.8661 48.9756 -14.066 
26.46 44.1 15.68 -15.4228 155.049 4.46121 
28.42 2.94 15.68 83.5729 -103.186 -121.838 
30.38 0.98 15.68 -43.5576 2.88308 46.1586 
28.42 6.86 15.68 46.8315 -30.617 -113.643 
30.38 4.9 15.68 -101.838 32.9979 -39.9363 
28.42 10.78 15.68 -78.5513 139.634 -0.995209 
30.38 8.82 15.68 104.947 -120.827 -82.3682 
28.42 14.7 15.68 202.171 -7.65342 -0.532494 
30.38 12.74 15.68 20.5461 -65.2278 36.0326 
28.42 18.62 15.68 -79.5107 67.1434 -29.5194 
30.38 16.66 15.68 -84.6713 -12.9936 139.18 
28.42 22.54 15.68 -85.6456 27.2589 -81.6859 
30.38 20.58 15.68 223.185 -48.0044 50.9757 
28.42 26.46 15.68 -40.653 129.195 -29.6388 
30.38 24.5 15.68 -53.2168 -201.608 16.05 
28.42 30.38 15.68 -219.789 49.6564 -105.436 
30.38 28.42 15.68 -73.8552 -93.4616 -49.0961 
28.42 34.3 15.68 -114.504 -43.5148 0.751815 
30.38 32.34 15.68 -107.804 -93.5346 -76.7075 
28.42 38.22 15.68 6.92966 -18.1867 -74.9349 
30.38 36.26 15.68 -80.9647 -23.3074 -13.0526 
28.42 42.14 15.68 -146.816 -94.2825 -65.1991 
30.38 40.18 15.68 26.7514 -28.7712 77.9591 
28.42 46.06 15.68 74.4288 53.3179 -33.4404 
30.38 44.1 15.68 11.4839 116.209 27.3086 
32.34 2.94 15.68 -35.6236 62.4992 -43.4346 
34.3 0.98 15.68 30.479 145.612 120.811 
32.34 6.86 15.68 38.9164 -53.0876 -21.6836 
34.3 4.9 15.68 -146.223 -16.7409 -19.6899 
32.34 10.78 15.68 -7.93348 90.305 -103.058 
34.3 8.82 15.68 -115.256 53.6143 -128.268 
32.34 14.7 15.68 -34.9666 20.1931 70.5008 
34.3 12.74 15.68 49.9703 -188.853 -112.808 
32.34 18.62 15.68 -22.6286 6.43254 46.371 
34.3 16.66 15.68 96.5335 -48.7126 1.00661 
32.34 22.54 15.68 17.7775 41.5197 -1.01748 
34.3 20.58 15.68 2.03869 -100.407 -63.1333 
32.34 26.46 15.68 -105.542 30.1506 -4.58501 
34.3 24.5 15.68 55.3259 -44.3176 -122.035 
32.34 30.38 15.68 -76.1862 78.4169 -79.0283 
34.3 28.42 15.68 -68.8424 -119.004 74.6779 
32.34 34.3 15.68 -76.083 -14.9053 -100.374 
34.3 32.34 15.68 37.884 -106.68 190.661 
32.34 38.22 15.68 109.804 -108.442 -34.6961 
34.3 36.26 15.68 69.7688 21.5979 -5.55654 
32.34 42.14 15.68 27.8668 -115.072 9.78968 
34.3 40.18 15.68 40.3436 128.174 -37.9495 
32.34 46.06 15.68 -84.2042 -58.0027 -106.404 
34.3 44.1 15.68 -175.827 -5.52973 53.4637 
36.26 2.94 15.68 -75.0071 -89.258 73.806 
38.22 0.98 15.68 91.2303 166.738 62.0107 
36.26 6.86 15.68 -70.5415 -49.9855 5.53206 
38.22 4.9 15.68 -49.04 10.7343 -102.791 
36.26 10.78 15.68 -9.1361 -95.977 -125.564 
38.22 8.82 15.68 39.0919 69.619 29.0811 
36.26 14.7 15.68 40.9787 -65.4448 -83.8216 
38.22 12.74 15.68 -35.3735 33.1376 -26.0461 
36.26 18.62 15.68 -180.073 -47.5227 97.6085 
38.22 16.66 15.68 68.3523 15.234 -83.367 
36.26 22.54 15.68 27.6965 29.8245 40.6702 
38.22 20.58 15.68 41.7766 -1.05587 -120.094 
36.26 26.46 15.68 24.5079 46.7356 -21.029 
38.22 24.5 15.68 73.5511 35.8058 -139.052 
36.26 30.38 15.68 -70.9804 -40.1774 -120.292 
38.22 28.42 15.68 125.743 41.6982 104.754 
36.26 34.3 15.68 87.26 16.0932 -137.244 
38.22 32.34 15.68 100.677 -138.176 -28.4484 
36.26 38.22 15.68 -2.45996 -59.5781 68.107 
38.22 36.26 15.68 48.1535 -106.921 -32.167 
36.26 42.14 15.68 0.188146 -13.0079 42.909 
38.22 40.18 15.68 -69.797 37.8891 141.641 
36.26 46.06 15.68 80.5401 43.2468 103.413 
38.22 44.1 15.68 -142.233 -130.272 10.8495 
40.18 2.94 15.68 -114.221 27.709 -64.762 
42.14 0.98 15.68 101.518 -16.6853 9.78827 
40.18 6.86 15.68 -60.9645 -151.136 39.7751 
42.14 4.9 15.68 -124.24 -40.1698 -51.8466 
40.18 10.78 15.68 45.7977 -65.134 -77.4695 
42.14 8.82 15.68 -19.2287 -4.3745 11.4514 
40.18 14.7 15.68 -74.258 -117.522 42.9074 
42.14 12.74 15.68 -85.7617 2.13562 29.7316 
40.18 18.62 15.68 -127.523 99.8109 -4.99543 
42.14 16.66 15.68 35.7309 126.219 30.244 
40.18 22.54 15.68 38.2952 -12.228 -44.0238 
42.14 20.58 15.68 -102.013 94.8989 61.1455 
40.18 26.46 15.68 64.8755 55.7852 -68.3029 
42.14 24.5 15.68 -4.04134 -76.0497 17.4905 
40.18 30.38 15.68 28.1168 128.785 60.1849 
42.14 28.42 15.68 -0.221546 -26.882 -29.8564 
40.18 34.3 15.68 -83.6734 2.63601 41.7037 
42.14 32.34 15.68 81.2976 -62.9319 -69.644 
40.18 38.22 15.68 -31.4449 -9.19501 4.18901 
42.14 36.26 15.68 -152.649 -40.5593 -23.4052 
40.18 42.14 15.68 85.8521 -9.65844 -120.297 
42.14 40.18 15.68 13.7433 -92.3674 -47.811 
40.18 46.06 15.68 7.59003 121.863 104.543 
42.14 44.1 15.68 12.6477 -10.0121 139.574 
44.1 2.94 15.68 -49.8703 -26.9527 -128.563 
46.06 0.98 15.68 110.455 -48.4934 -157.304 
44.1 6.86 15.68 -40.2938 88.9557 54.3444 
46.06 4.9 15.68 -6.24451 47.8054 -94.6982 
44.1 10.78 15.68 -46.9496 -79.0741 -49.8157 
46.06 8.82 15.68 70.1506 -167.526 46.6136 
44.1 14.7 15.68 -64.6012 -26.2236 11.6718 
46.06 12.74 15.68 64.9657 -27.5229 -0.207271 
44.1 18.62 15.68 -135.118 27.5642 62.8308 
46.06 16.66 15.68 -26.634 -144.952 52.3219 
44.1 22.54 15.68 -190.145 -106.789 -5.88386 
46.06 20.58 15.68 122.443 57.7681 -105.051 
44.1 26.46 15.68 0.862805 103.357 -59.6422 
46.06 24.5 15.68 -100.086 -30.021 107.184 
44.1 30.38 15.68 -13.0272 101.278 72.2194 
46.06 28.42 15.68 -179.783 102.801 -204.771 
44.1 34.3 15.68 -46.5368 -16.9731 30.8004 
46.06 32.34 15.68 -23.2055 49.9745 -227.163 
44.1 38.22 15.68 -61.4194 15.9583 -31.4815 
46.06 36.26 15.68 -162.828 -105.015 124.126 
44.1 42.14 15.68 -105.223 -137.494 52.792 
46.06 40.18 15.68 32.9487 -85.4322 94.7393 
44.1 46.06 15.68 -84.2288 -39.5045 -4.3366 
46.06 44.1 15.68 -61.917 101.696 -142.846 
0.98 0.98 17.64 47.6799 -23.5495 -64.4657 
2.94 2.94 17.64 105.207 70.6937 102.06 
0.98 4.9 17.64 -86.199 15.3177 78.5028 
2.94 6.86 17.64 -52.5553 108.368 -32.3 
0.98 8.82 17.64 143.489 64.9221 -154.723 
2.94 10.78 17.64 -98.2575 -45.5865 113.168 
0.98 12.74 17.64 82.6882 -72.5409 78.7124 
2.94 14.7 17.64 -20.4633 -42.6401 15.4727 
0.98 16.66 17.64 47.9988 63.8135 -105.656 
2.94 18.62 17.64 97.846 -39.694 -6.10736 
0.98 20.58 17.64 -42.7507 -109.089 53.1724 
2.94 22.54 17.64 -132.243 75.5455 92.7823 
0.98 24.5 17.64 -2.82301 -84.9264 -53.1611 
2.94 26.46 17.64 -13.9383 -28.8534 -140.829 
0.98 28.42 17.64 -24.3471 -98.8842 66.9905 
2.94 30.38 17.64 132.085 -99.71 44.9658 
0.98 32.34 17.64 29.1409 23.0597 -64.1716 
2.94 34.3 17.64 26.909 -106.979 94.5713 
0.98 36.26 17.64 139.824 27.3127 -101.708 
2.94 38.22 17.64 137.235 -5.28307 -80.6422 
0.98 40.18 17.64 5.84778 7.50585 -1.56507 
2.94 42.14 17.64 72.2543 -117.671 75.2481 
0.98 44.1 17.64 -27.9233 -20.4583 -89.6059 
2.94 46.06 17.64 -47.7069 15.1262 2.55126 
4.9 0.98 17.64 -10.3744 -31.232 -173.6 
6.86 2.94 17.64 167.492 7.66537 120.191 
4.9 4.9 17.64 -41.0293 -1.06868 51.4167 
6.86 6.86 17.64 4.80164 74.8174 -16.06 
4.9 8.82 17.64 49.1452 41.4399 -14.4151 
6.86 10.78 17.64 -147.509 87.2308 -0.129641 
4.9 12.74 17.64 -24.7307 -22.5556 100.087 
6.86 14.7 17.64 47.3075 43.4779 174.469 
4.9 16.66 17.64 -23.3445 165.446 -26.7237 
6.86 18.62 17.64 17.0538 28.0584 17.1818 
4.9 20.58 17.64 -25.7535 -23.9808 -98.6582 
6.86 22.54 17.64 -76.1832 -233.309 -78.8361 
4.9 24.5 17.64 -24.6312 62.8069 -65.416 
6.86 26.46 17.64 72.6797 -139.664 -29.6312 
4.9 28.42 17.64 115.699 15.423 -174.67 
6.86 30.38 17.64 23.6406 83.5539 -34.4446 
4.9 32.34 17.64 -17.9995 -55.2364 -14.2724 
6.86 34.3 17.64 145.365 147.327 -42.053 
4.9 36.26 17.64 76.2779 -47.3432 -106.736 
6.86 38.22 17.64 10.5798 -31.5364 -25.2321 
4.9 40.18 17.64 15.4733 -53.8101 -77.9182 
6.86 42.14 17.64 -58.1089 77.7341 128.128 
4.9 44.1 17.64 90.8279 19.5601 -3.07385 
6.86 46.06 17.64 137.164 -64.1128 -111.872 
8.82 0.98 17.64 -78.3388 93.5961 -6.0565 
10.78 2.94 17.64 52.5111 -123.828 4.39457 
8.82 4.9 17.64 72.9998 -94.2384 -68.484 
10.78 6.86 17.64 -62.4402 129.282 -129.133 
8.82 8.82 17.64 13.1948 200.927 -56.005 
10.78 10.78 17.64 46.5988 107.351 -123.938 
8.82 12.74 17.64 58.3242 -138.618 67.4829 
10.78 14.7 17.64 -102.841 -68.5893 23.7863 
8.82 16.66 17.64 -97.6008 52.809 -101.273 
10.78 18.62 17.64 -63.3738 81.1115 -29.0172 
8.82 20.58 17.64 121.204 134.425 -85.8857 
10.78 22.54 17.64 -12.603 85.4799 170.618 
8.82 24.5 17.64 8.04002 57.4772 -71.9436 
10.78 26.46 17.64 -34.3353 -22.7414 162.831 
8.82 28.42 17.64 78.425 16.744 -6.27578 
10.78 30.38 17.64 -57.0588 -30.9727 -40.2444 
8.82 32.34 17.64 46.2089 0.353805 -4.0561 
10.78 34.3 17.64 -70.521 -70.936 -146.728 
8.82 36.26 17.64 -49.3614 113.022 15.7126 
10.78 38.22 17.64 -64.7352 39.564 96.2337 
8.82 40.18 17.64 64.5963 21.9895 -146.123 
10.78 42.14 17.64 8.57168 130.93 -65.3196 
8.82 44.1 17.64 -13.5342 -142.934 100.122 
10.78 46.06 17.64 -70.7976 -87.6025 -127.356 
12.74 0.98 17.64 44.4175 -42.1045 14.9129 
14.7 2.94 17.64 22.6657 2.11308 -82.619 
12.74 4.9 17.64 47.6074 -16.8022 -80.0596 
14.7 6.86 17.64 -129.925 -24.7277 22.7796 
12.74 8.82 17.64 -3.95079 68.9464 44.7605 
14.7 10.78 17.64 -45.9868 -25.2588 13.3141 
12.74 12.74 17.64 -126.616 21.5595 -13.455 
14.7 14.7 17.64 7.78524 -113.451 77.5264 
12.74 16.66 17.64 -34.5293 3.934 64.7108 
14.7 18.62 17.64 -43.1481 68.7099 -13.2111 
12.74 20.58 17.64 4.92944 22.3154 -17.5012 
14.7 22.54 17.64 -48.0976 58.7529 85.5223 
12.74 24.5 17.64 18.4938 -30.7562 -36.1381 
14.7 26.46 17.64 -120.953 -140.015 81.7343 
12.74 28.42 17.64 102.499 -102.761 55.5102 
14.7 30.38 17.64 78.4374 21.2 49.0562 
12.74 32.34 17.64 90.1108 -74.7182 156.599 
14.7 34.3 17.64 60.7147 -114.939 33.5074 
12.74 36.26 17.64 49.3951 -46.261 -79.9474 
14.7 38.22 17.64 140.517 95.2363 -91.7354 
12.74 40.18 17.64 34.8901 -3.5176 44.6145 
14.7 42.14 17.64 69.0965 -11.4653 -15.366 
12.74 44.1 17.64 -63.6278 25.4406 -45.8423 
14.7 46.06 17.64 -58.6863 -93.6963 126.209 
16.66 0.98 17.64 76.1053 31.2287 32.0627 
18.62 2.94 17.64 -28.7777 37.8099 -8.89811 
16.66 4.9 17.64 188.579 23.9406 -54.3995 
18.62 6.86 17.64 30.097 -24.7464 10.0503 
16.66 8.82 17.64 50.294 105.089 -8.66579 
18.62 10.78 17.64 76.3898 76.589 48.2895 
16.66 12.74 17.64 -98.6565 101.916 -0.488825 
18.62 14.7 17.64 -25.966 -24.169 128.623 
16.66 16.66 17.64 6.61218 -68.0819 -141.406 
18.62 18.62 17.64 35.0207 -42.3904 -30.4109 
16.66 20.58 17.64 36.9444 1.77586 93.8956 
18.62 22.54 17.64 50.3681 42.0621 40.7621 
16.66 24.5 17.64 -1.95078 55.9054 -35.4513 
18.62 26.46 17.64 70.8494 83.2977 -67.5924 
16.66 28.42 17.64 28.6167 -11.788 -149.314 
18.62 30.38 17.64 -63.4193 -29.3743 -12.329 
16.66 32.34 17.64 -115.934 34.4583 60.4769 
18.62 34.3 17.64 -78.585 -73.2327 -49.648 
16.66 36.26 17.64 66.5325 7.10848 40.4115 
18.62 38.22 17.64 -6.88841 -164.926 -79.5495 
16.66 40.18 17.64 33.6697 -76.1495 53.2003 
18.62 42.14 17.64 -11.4581 -6.11123 9.44392 
16.66 44.1 17.64 63.194 -56.946 -22.6997 
18.62 46.06 17.64 -6.75386 -55.2591 7.07471 
20.58 0.98 17.64 -153.025 -93.4651 -54.9178 
22.54 2.94 17.64 -31.4631 108.98 -159.6 
20.58 4.9 17.64 -207.95 -28.6479 19.8007 
22.54 6.86 17.64 17.6559 116.724 40.7136 
20.58 8.82 17.64 -70.8395 9.99294 -18.6483 
22.54 10.78 17.64 -4.03261 -37.9977 27.4197 
20.58 12.74 17.64 -144.109 21.2136 2.93439 
22.54 14.7 17.64 -17.7872 4.47277 -45.9906 
20.58 16.66 17.64 52.9439 -72.8749 -25.8977 
22.54 18.62 17.64 121.361 -35.8933 -48.0042 
20.58 20.58 17.64 81.0172 23.0529 -76.6895 
22.54 22.54 17.64 -7.871 56.6652 -125.836 
20.58 24.5 17.64 -15.0937 -84.0783 -41.4886 
22.54 26.46 17.64 0.64525 14.032 -50.8297 
20.58 28.42 17.64 -146.762 208.172 91.3805 
22.54 30.38 17.64 -76.7738 -8.43251 124.516 
20.58 32.34 17.64 17.8979 -24.7077 -84.4783 
22.54 34.3 17.64 4.31814 -33.3465 -28.4498 
20.58 36.26 17.64 10.2485 29.9001 10.0716 
22.54 38.22 17.64 -111.683 142.18 -12.9788 
20.58 40.18 17.64 -45.0477 59.3442 -21.1417 
22.54 42.14 17.64 64.8668 99.8982 65.3215 
20.58 44.1 17.64 -102.741 10.4594 81.1632 
22.54 46.06 17.64 -15.1806 69.7448 -134.971 
24.5 0.98 17.64 -26.5251 -34.9916 22.4814 
26.46 2.94 17.64 -47.4641 -86.0165 -29.3136 
24.5 4.9 17.64 -57.7114 -118.806 -123.24 
26.46 6.86 17.64 41.1858 35.0299 -67.661 
24.5 8.82 17.64 -40.9217 -43.7679 -57.6643 
26.46 10.78 17.64 103.599 -22.9727 48.0323 
24.5 12.74 17.64 87.7387 -18.3349 37.0252 
26.46 14.7 17.64 -90.5681 9.88304 94.5163 
24.5 16.66 17.64 -164.053 -2.1494 -35.7791 
26.46 18.62 17.64 -56.5448 -59.2597 64.9151 
24.5 20.58 17.64 69.6303 -21.5835 78.4122 
26.46 22.54 17.64 3.59727 -83.37 156.098 
24.5 24.5 17.64 -18.2806 -39.4746 150.477 
26.46 26.46 17.64 65.506 -51.7812 34.0398 
24.5 28.42 17.64 -10.4021 -8.68675 26.4434 
26.46 30.38 17.64 -38.7601 -14.3909 21.0607 
24.5 32.34 17.64 -38.8738 -125.119 -157.062 
26.46 34.3 17.64 -61.7907 -69.2372 49.8208 
24.5 36.26 17.64 -36.7617 145.951 -17.9263 
26.46 38.22 17.64 4.2262 -15.4339 -48.9299 
24.5 40.18 17.64 93.2693 -33.1912 21.3274 
26.46 42.14 17.64 -111.147 32.3361 118.341 
24.5 44.1 17.64 -144.917 0.85276 31.5414 
26.46 46.06 17.64 148.864 -114.345 224.603 
28.42 0.98 17.64 -131.171 -41.8949 13.5448 
30.38 2.94 17.64 -41.8469 75.754 120.515 
28.42 4.9 17.64 103.823 62.8735 -8.9289 
30.38 6.86 17.64 -6.37938 -85.3151 -185.02 
28.42 8.82 17.64 -80.7611 15.0725 -4.76648 
30.38 10.78 17.64 111.55 -97.1736 -152.362 
28.42 12.74 17.64 33.1897 -10.1986 43.1146 
30.38 14.7 17.64 -108.166 161.608 -126.638 
28.42 16.66 17.64 -28.8924 -50.9027 -114.747 
30.38 18.62 17.64 -26.6322 59.6904 36.1019 
28.42 20.58 17.64 7.70671 62.6297 -16.5536 
30.38 22.54 17.64 -139.299 108.345 -30.5506 
28.42 24.5 17.64 51.7877 -33.8188 -56.6066 
30.38 26.46 17.64 -18.6836 24.4814 -23.2035 
28.42 28.42 17.64 46.6546 89.3493 88.1112 
30.38 30.38 17.64 -47.6694 -62.7444 -72.4617 
28.42 32.34 17.64 -71.9029 59.0178 142.839 
30.38 34.3 17.64 16.3817 -23.3568 -92.6148 
28.42 36.26 17.64 77.8467 -149.223 -25.1722 
30.38 38.22 17.64 87.9736 -109.293 -141.103 
28.42 40.18 17.64 59.5492 -143.354 53.2665 
30.38 42.14 17.64 -115.303 31.9506 44.3154 
28.42 44.1 17.64 17.6766 152.324 -20.3233 
30.38 46.06 17.64 121.239 72.6862 10.0131 
32.34 0.98 17.64 54.1119 -109.731 -93.2663 
34.3 2.94 17.64 -20.7764 0.989137 -24.8569 
32.34 4.9 17.64 9.01179 52.9841 24.8669 
34.3 6.86 17.64 -7.51467 12.1938 40.9411 
32.34 8.82 17.64 -48.3183 15.1738 -43.1106 
34.3 10.78 17.64 0.187383 19.7169 6.52483 
32.34 12.74 17.64 13.2998 74.9266 -18.578 
34.3 14.7 17.64 33.2158 -106.086 43.9862 
32.34 16.66 17.64 18.8184 85.4859 94.3831 
34.3 18.62 17.64 -72.7803 -67.3005 90.873 
32.34 20.58 17.64 -181.134 -73.4937 44.1779 
34.3 22.54 17.64 -214.974 76.6372 68.3103 
32.34 24.5 17.64 -77.7106 -160.191 -224.198 
34.3 26.46 17.64 22.9497 22.5072 -163.45 
32.34 28.42 17.64 2.54983 -35.1366 -39.4578 
34.3 30.38 17.64 -108.14 92.9377 -69.2573 
32.34 32.34 17.64 -67.262 -21.9531 -66.0775 
34.3 34.3 17.64 41.7081 -36.5877 14.5734 
32.34 36.26 17.64 -72.16 -39.7005 40.262 
34.3 38.22 17.64 120.718 -51.8658 -2.02819 
32.34 40.18 17.64 52.2158 36.399 200.035 
34.3 42.14 17.64 -86.4644 124.77 14.5068 
32.34 44.1 17.64 -45.7636 -6.58047 -62.4532 
34.3 46.06 17.64 -9.25587 -18.4278 -42.0888 
36.26 0.98 17.64 2.96791 109.024 -16.8063 
38.22 2.94 17.64 54.7056 -55.9699 -27.3775 
36.26 4.9 17.64 5.75655 17.0707 -98.5142 
38.22 6.86 17.64 4.07781 5.12776 101.907 
36.26 8.82 17.64 -33.1054 56.0385 -58.8604 
38.22 10.78 17.64 93.2246 8.8666 -47.9607 
36.26 12.74 17.64 -109.774 84.2777 -15.0181 
38.22 14.7 17.64 55.1211 16.4423 -19.9367 
36.26 16.66 17.64 -14.1245 -63.4036 116.579 
38.22 18.62 17.64 -49.0246 -7.86627 -106.707 
36.26 20.58 17.64 25.1056 -4.86782 -13.6024 
38.22 22.54 17.64 38.5308 -63.4365 11.5301 
36.26 24.5 17.64 195.74 10.7539 -83.3348 
38.22 26.46 17.64 45.4855 148.488 39.4207 
36.26 28.42 17.64 -86.5062 28.2208 -31.283 
38.22 30.38 17.64 172.824 -148.522 27.1218 
36.26 32.34 17.64 62.5493 92.039 155.843 
38.22 34.3 17.64 -45.3041 12.7934 -141.061 
36.26 36.26 17.64 -48.2172 -175.076 -14.1838 
38.22 38.22 17.64 -122.029 10.8947 -91.481 
36.26 40.18 17.64 -59.6237 -11.8854 -41.3112 
38.22 42.14 17.64 5.04904 -78.7704 2.15185 
36.26 44.1 17.64 57.6286 134.943 66.8709 
38.22 46.06 17.64 -66.9046 -111.569 -142.257 
40.18 0.98 17.64 9.80975 -98.0025 22.5561 
42.14 2.94 17.64 50.9506 108.327 -23.0903 
40.18 4.9 17.64 65.4763 -1.15613 13.1856 
42.14 6.86 17.64 -156.998 -82.4925 83.9799 
40.18 8.82 17.64 -144.934 207.186 16.7555 
42.14 10.78 17.64 -18.509 -45.8324 -10.7027 
40.18 12.74 17.64 182.702 -92.6902 -102.473 
42.14 14.7 17.64 -89.6381 -208.706 -172.36 
40.18 16.66 17.64 -6.90096 142.589 66.5193 
42.14 18.62 17.64 -29.7603 -86.662 -23.4934 
40.18 20.58 17.64 -40.6807 -65.2391 48.7401 
42.14 22.54 17.64 -39.9449 70.8048 56.6805 
40.18 24.5 17.64 -107.086 -50.9688 38.1593 
42.14 26.46 17.64 68.8519 143.358 -10.3321 
40.18 28.42 17.64 -62.3516 10.2912 79.6686 
42.14 30.38 17.64 -41.6244 32.4885 -66.349 
40.18 32.34 17.64 183.33 73.0884 15.065 
42.14 34.3 17.64 -178.796 -97.8249 40.8708 
40.18 36.26 17.64 60.1298 -147.112 -107.018 
42.14 38.22 17.64 22.7607 -66.0416 84.6766 
40.18 40.18 17.64 -26.3347 84.7402 -113.158 
42.14 42.14 17.64 14.2319 28.0128 -166.92 
40.18 44.1 17.64 36.6641 -121.914 58.3718 
42.14 46.06 17.64 44.0988 -34.2069 -62.5811 
44.1 0.98 17.64 -47.1264 75.6609 -1.24962 
46.06 2.94 17.64 33.3039 17.9526 -40.3522 
44.1 4.9 17.64 4.24112 8.97484 16.9419 
46.06 6.86 17.64 21.5963 39.8134 58.1191 
44.1 8.82 17.64 3.8954 -143.649 -102.211 
46.06 10.78 17.64 -33.0018 37.8709 -81.1249 
44.1 12.74 17.64 -29.7863 -70.5101 -16.2019 
46.06 14.7 17.64 -141.5 86.5444 85.1878 
44.1 16.66 17.64 93.7882 139.097 121.958 
46.06 18.62 17.64 54.9994 6.32412 -28.0326 
44.1 20.58 17.64 73.4997 -172.659 -33.0118 
46.06 22.54 17.64 -28.2792 -23.3018 74.9523 
44.1 24.5 17.64 -129.144 -17.5849 -114.867 
46.06 26.46 17.64 8.34797 -48.367 -80.8529 
44.1 28.42 17.64 187.437 63.0217 14.8827 
46.06 30.38 17.64 34.7816 73.8468 22.9736 
44.1 32.34 17.64 54.0457 110.152 -91.1003 
46.06 34.3 17.64 -71.3815 53.3254 4.41852 
44.1 36.26 17.64 -30.3883 89.9153 -79.3271 
46.06 38.22 17.64 -105.665 81.3717 8.12929 
44.1 40.18 17.64 38.1745 -35.6313 -36.6918 
46.06 42.14 17.64 -5.49048 67.863 90.3746 
44.1 44.1 17.64 5.5212 -69.6861 -12.4681 
46.06 46.06 17.64 41.5886 -71.1614 -43.592 
0.98 2.94 19.6 -108.693 7.13648 51.6478 
2.94 0.98 19.6 -105.375 75.6704 54.3715 
0.98 6.86 19.6 77.7122 -28.0874 -150.473 
2.94 4.9 19.6 6.36534 -172.157 28.5142 
0.98 10.78 19.6 -32.9521 -61.5983 9.81045 
2.94 8.82 19.6 -24.1197 83.7103 -100.598 
0.98 14.7 19.6 -73.3764 69.2019 3.74632 
2.94 12.74 19.6 83.7123 -34.3381 23.3516 
0.98 18.62 19.6 47.0866 6.26476 41.0725 
2.94 16.66 19.6 34.8158 17.7651 -81.514 
0.98 22.54 19.6 78.6008 -5.55426 30.9912 
2.94 20.58 19.6 7.11243 -18.3905 -92.5803 
0.98 26.46 19.6 16.1517 98.7327 -62.6921 
2.94 24.5 19.6 13.2826 72.7768 94.0702 
0.98 30.38 19.6 -57.8417 -5.67261 -133.682 
2.94 28.42 19.6 -36.8241 -9.42649 65.0445 
0.98 34.3 19.6 12.2664 48.5566 43.0571 
2.94 32.34 19.6 208.029 -108.374 164.869 
0.98 38.22 19.6 -29.6394 94.2371 -48.6042 
2.94 36.26 19.6 110.991 70.1619 48.5493 
0.98 42.14 19.6 -87.157 66.0684 82.9243 
2.94 40.18 19.6 9.73255 27.5783 -40.3186 
0.98 46.06 19.6 -15.443 41.557 -95.0699 
2.94 44.1 19.6 1.6487 25.2476 34.004 
4.9 2.94 19.6 10.6116 -1.33629 39.0983 
6.86 0.98 19.6 63.0652 135.748 117.871 
4.9 6.86 19.6 -18.7986 152.578 38.0845 
6.86 4.9 19.6 144.813 3.66706 48.3764 
4.9 10.78 19.6 -31.0033 50.6528 2.3355 
6.86 8.82 19.6 -24.1162 8.59204 -119.685 
4.9 14.7 19.6 -97.1912 5.10365 53.8863 
6.86 12.74 19.6 -48.4025 43.8388 42.692 
4.9 18.62 19.6 11.4459 66.3752 -108.694 
6.86 16.66 19.6 -137.829 -11.5272 -13.6435 
4.9 22.54 19.6 -47.9201 45.4147 -15.2994 
6.86 20.58 19.6 90.9411 99.7132 -73.6118 
4.9 26.46 19.6 -32.8946 1.30441 72.248 
6.86 24.5 19.6 -125.828 -46.2834 1.22138 
4.9 30.38 19.6 -37.549 58.8152 -44.2625 
6.86 28.42 19.6 -72.541 -33.2172 41.9273 
4.9 34.3 19.6 -129.723 85.3452 -63.2738 
6.86 32.34 19.6 -145.025 -31.9519 -28.5367 
4.9 38.22 19.6 -8.62379 -5.04696 -110.701 
6.86 36.26 19.6 -73.0983 -38.4735 140.289 
4.9 42.14 19.6 -30.1322 20.0682 277.191 
6.86 40.18 19.6 48.6537 77.6893 7.13305 
4.9 46.06 19.6 102.118 -84.3583 -73.3917 
6.86 44.1 19.6 -18.7989 169.039 -9.52744 
8.82 2.94 19.6 142.834 35.6487 -32.1504 
10.78 0.98 19.6 111.584 33.4557 62.0551 
8.82 6.86 19.6 23.9039 -102.866 -23.7349 
10.78 4.9 19.6 -24.0298 -169.928 29.9331 
8.82 10.78 19.6 -63.1069 1.52539 -5.65985 
10.78 8.82 19.6 -16.8145 59.8921 -43.1055 
8.82 14.7 19.6 40.8656 -7.05911 -21.0044 
10.78 12.74 19.6 -35.3434 -143.71 -144.98 
8.82 18.62 19.6 108.447 -34.1176 -30.3907 
10.78 16.66 19.6 30.6378 81.6438 -91.8273 
8.82 22.54 19.6 23.0003 14.6187 38.9446 
10.78 20.58 19.6 185.908 -126.025 35.8675 
8.82 26.46 19.6 36.1116 9.0482 -4.74664 
10.78 24.5 19.6 -31.1043 -42.8946 0.408699 
8.82 30.38 19.6 154.676 97.8039 4.56136 
10.78 28.42 19.6 126.17 -6.47252 9.23788 
8.82 34.3 19.6 -32.1493 30.5862 34.3938 
10.78 32.34 19.6 62.6394 39.3603 11.126 
8.82 38.22 19.6 48.161 -8.06842 -134.109 
10.78 36.26 19.6 -129.327 -71.2968 71.1975 
8.82 42.14 19.6 41.5839 97.0464 -18.3284 
10.78 40.18 19.6 140.804 -89.5441 -95.5561 
8.82 46.06 19.6 -125.494 -138.87 -62.2984 
10.78 44.1 19.6 103.876 -79.5124 87.0863 
12.74 2.94 19.6 -163.148 -70.842 85.5224 
14.7 0.98 19.6 -128.816 80.79 -17.4064 
12.74 6.86 19.6 214.571 102.724 14.9164 
14.7 4.9 19.6 -29.4564 -158.65 72.9896 
12.74 10.78 19.6 12.4625 139.569 -8.52879 
14.7 8.82 19.6 -96.4913 -15.5918 26.9624 
12.74 14.7 19.6 -76.0959 -153.496 -44.7359 
14.7 12.74 19.6 27.5323 -10.2813 -38.1183 
12.74 18.62 19.6 46.4047 22.7307 101.699 
14.7 16.66 19.6 21.2806 148.394 -57.9036 
12.74 22.54 19.6 -4.92725 -42.6336 -60.7933 
14.7 20.58 19.6 44.2714 -3.55846 -31.0595 
12.74 26.46 19.6 88.5554 31.3572 -30.2691 
14.7 24.5 19.6 102.704 53.7976 25.6944 
12.74 30.38 19.6 -116.979 -25.1567 14.607 
14.7 28.42 19.6 -45.028 107.561 -12.0397 
12.74 34.3 19.6 -111.408 -158.478 -20.6855 
14.7 32.34 19.6 -74.1008 -10.4913 38.6997 
12.74 38.22 19.6 10.3713 -70.3813 60.6793 
14.7 36.26 19.6 -73.6429 12.1826 -39.8943 
12.74 42.14 19.6 69.8514 -79.0253 29.3451 
14.7 40.18 19.6 -60.1008 96.4893 -97.528 
12.74 46.06 19.6 5.66713 -101.435 52.597 
14.7 44.1 19.6 46.1057 -54.8825 62.3014 
16.66 2.94 19.6 27.168 212.278 34.2026 
18.62 0.98 19.6 77.8434 -18.9812 -104.359 
16.66 6.86 19.6 43.0367 -15.353 -35.0092 
18.62 4.9 19.6 13.3165 -109.326 -86.1192 
16.66 10.78 19.6 169.281 -80.8074 -49.1487 
18.62 8.82 19.6 -21.8964 -132.561 -166.44 
16.66 14.7 19.6 -4.32976 47.454 -65.3916 
18.62 12.74 19.6 69.8669 35.3999 -32.7541 
16.66 18.62 19.6 -65.8508 42.9541 77.747 
18.62 16.66 19.6 40.1019 113.573 35.8754 
16.66 22.54 19.6 68.4507 -140.507 -102.282 
18.62 20.58 19.6 -1.10465 -70.328 -107.703 
16.66 26.46 19.6 46.0363 -92.8117 57.6267 
18.62 24.5 19.6 61.3818 -39.7814 -61.0806 
16.66 30.38 19.6 -76.929 38.5712 -114.996 
18.62 28.42 19.6 33.3776 -50.2103 18.8829 
16.66 34.3 19.6 -150.394 9.80869 31.9966 
18.62 32.34 19.6 -21.4562 -158.089 155.177 
16.66 38.22 19.6 -81.3228 102.953 70.3261 
18.62 36.26 19.6 -166.631 -152.258 -27.1651 
16.66 42.14 19.6 -52.0903 48.9675 -105.964 
18.62 40.18 19.6 88.6168 168.481 -24.6386 
16.66 46.06 19.6 -97.4934 -33.0524 35.3295 
18.62 44.1 19.6 23.9226 -53.3996 -40.4555 
20.58 2.94 19.6 85.1962 -100.472 -45.5043 
22.54 0.98 19.6 99.9414 -83.8556 -28.379 
20.58 6.86 19.6 146.811 40.9751 24.4112 
22.54 4.9 19.6 -77.9582 -45.3962 99.5987 
20.58 10.78 19.6 -73.2354 -34.4076 176.996 
22.54 8.82 19.6 69.7457 92.4956 -22.5984 
20.58 14.7 19.6 70.8847 12.901 -14.995 
22.54 12.74 19.6 -233.92 33.8472 17.1469 
20.58 18.62 19.6 22.9064 -38.7322 -64.6657 
22.54 16.66 19.6 25.4012 -8.6871 9.10399 
20.58 22.54 19.6 -80.3856 -46.7612 3.90127 
22.54 20.58 19.6 75.1449 167.409 39.0481 
20.58 26.46 19.6 84.2971 -62.2695 165.009 
22.54 24.5 19.6 29.7616 -198.928 -115.778 
20.58 30.38 19.6 12.2336 181.226 -10.4746 
22.54 28.42 19.6 -44.235 -209.488 54.7102 
20.58 34.3 19.6 -50.1655 65.6974 -95.3089 
22.54 32.34 19.6 -103.64 1.3669 16.3234 
20.58 38.22 19.6 -61.4966 14.9662 37.8318 
22.54 36.26 19.6 -90.5224 105.215 71.7385 
20.58 42.14 19.6 -105.47 6.63599 45.3223 
22.54 40.18 19.6 9.05772 65.4989 12.6966 
20.58 46.06 19.6 -107.341 -88.4365 -68.2558 
22.54 44.1 19.6 -0.146175 -45.6732 -72.0427 
24.5 2.94 19.6 -14.9935 67.8555 36.3195 
26.46 0.98 19.6 -69.8266 -104.338 130.888 
24.5 6.86 19.6 9.60067 -6.46773 68.3333 
26.46 4.9 19.6 -55.6386 87.1909 -66.9275 
24.5 10.78 19.6 70.4949 48.8199 107.255 
26.46 8.82 19.6 -2.05744 -128.2 47.7117 
24.5 14.7 19.6 -135.559 19.7233 113.833 
26.46 12.74 19.6 17.0366 36.5922 -112.364 
24.5 18.62 19.6 24.5993 41.6517 76.861 
26.46 16.66 19.6 -15.3875 29.9877 91.5583 
24.5 22.54 19.6 -108.279 71.7226 26.6631 
26.46 20.58 19.6 38.029 -62.0116 -35.1592 
24.5 26.46 19.6 11.3593 -59.6232 -51.2929 
26.46 24.5 19.6 37.8162 -0.234778 7.12131 
24.5 30.38 19.6 -34.1652 56.053 74.5961 
26.46 28.42 19.6 -39.2174 5.39014 46.4833 
24.5 34.3 19.6 -38.7539 -206.687 12.0973 
26.46 32.34 19.6 67.0389 5.85221 -94.0577 
24.5 38.22 19.6 -49.7551 51.8217 37.8871 
26.46 36.26 19.6 -32.1207 -88.4274 133.099 
24.5 42.14 19.6 115.552 114.764 -94.4519 
26.46 40.18 19.6 -32.0058 16.0888 4.22475 
24.5 46.06 19.6 -149.824 122.021 12.0304 
26.46 44.1 19.6 -88.8908 14.6544 -83.3531 
28.42 2.94 19.6 -69.6451 12.4799 30.8072 
30.38 0.98 19.6 27.3317 90.2524 165.24 
28.42 6.86 19.6 -93.3562 -90.3845 -159.274 
30.38 4.9 19.6 -73.0658 -14.6558 18.9262 
28.42 10.78 19.6 13.4461 114.687 10.9429 
30.38 8.82 19.6 -105.237 51.8694 -48.0703 
28.42 14.7 19.6 -20.563 73.2351 -26.8411 
30.38 12.74 19.6 -28.156 98.3187 -77.1984 
28.42 18.62 19.6 141.488 -89.9667 -44.9134 
30.38 16.66 19.6 60.4666 27.4548 -59.1414 
28.42 22.54 19.6 -90.3647 21.7273 30.6324 
30.38 20.58 19.6 7.92785 -62.8549 -112.439 
28.42 26.46 19.6 -38.7838 52.32 -26.0025 
30.38 24.5 19.6 -4.42473 112.842 164.106 
28.42 30.38 19.6 -159.891 -155.788 49.6363 
30.38 28.42 19.6 -157.657 -58.2622 -0.965136 
28.42 34.3 19.6 -50.3012 81.6393 -35.1732 
30.38 32.34 19.6 -62.1787 -23.6902 -28.4388 
28.42 38.22 19.6 27.0615 -113.155 -80.7942 
30.38 36.26 19.6 34.4434 -132.558 38.3109 
28.42 42.14 19.6 -13.6055 30.7679 -116.496 
30.38 40.18 19.6 186.549 96.3644 95.6749 
28.42 46.06 19.6 -106.856 -49.2596 -38.0449 
30.38 44.1 19.6 -48.9499 -9.9035 -79.2776 
32.34 2.94 19.6 43.1362 -86.5423 92.0652 
34.3 0.98 19.6 -52.3464 -114.541 -23.3722 
32.34 6.86 19.6 -59.7074 -50.5939 38.2574 
34.3 4.9 19.6 -158.703 77.7134 -50.6521 
32.34 10.78 19.6 54.1575 -77.2851 -151.267 
34.3 8.82 19.6 -79.0272 32.3366 61.2212 
32.34 14.7 19.6 -64.151 -65.3673 45.9938 
34.3 12.74 19.6 -85.233 46.18 -73.6757 
32.34 18.62 19.6 75.7479 -25.5111 29.2272 
34.3 16.66 19.6 -2.01029 3.14956 -105.28 
32.34 22.54 19.6 -40.3622 15.8624 -0.554093 
34.3 20.58 19.6 16.9139 107.589 -22.8064 
32.34 26.46 19.6 88.3529 304.47 110.346 
34.3 24.5 19.6 -64.3147 21.2844 111.356 
32.34 30.38 19.6 -32.7534 78.4515 39.3069 
34.3 28.42 19.6 -46.2231 124.525 20.6148 
32.34 34.3 19.6 66.2897 -21.8741 163.349 
34.3 32.34 19.6 -192.153 -73.801 -70.379 
32.34 38.22 19.6 -62.575 88.0121 152.955 
34.3 36.26 19.6 -26.2831 -168.452 8.60727 
32.34 42.14 19.6 -92.139 110.976 -142.369 
34.3 40.18 19.6 -35.9981 -88.9456 -61.9831 
32.34 46.06 19.6 -14.1653 -6.82167 -7.65312 
34.3 44.1 19.6 -71.8262 7.83939 -19.6434 
36.26 2.94 19.6 -49.425 -132.554 77.3355 
38.22 0.98 19.6 24.0811 40.3477 -75.7641 
36.26 6.86 19.6 5.6263 65.8496 93.5063 
38.22 4.9 19.6 56.8884 2.20901 98.1719 
36.26 10.78 19.6 -95.5164 145.81 54.1381 
38.22 8.82 19.6 5.28531 110.823 -1.64718 
36.26 14.7 19.6 -57.5437 49.3583 -98.4256 
38.22 12.74 19.6 92.3135 16.209 -59.597 
36.26 18.62 19.6 37.1308 2.82921 32.4057 
38.22 16.66 19.6 -19.6878 -155.587 11.8422 
36.26 22.54 19.6 -28.9605 -11.9922 60.9336 
38.22 20.58 19.6 -58.6295 49.3036 -88.1781 
36.26 26.46 19.6 118.577 113.623 75.6384 
38.22 24.5 19.6 30.8881 -184.838 -29.0638 
36.26 30.38 19.6 37.306 31.4919 -10.7258 
38.22 28.42 19.6 140.703 -100.092 141.371 
36.26 34.3 19.6 50.7261 -83.5776 -0.679365 
38.22 32.34 19.6 -90.2451 40.7963 -141.183 
36.26 38.22 19.6 47.6347 32.0336 112.786 
38.22 36.26 19.6 62.2245 -91.7052 -82.5576 
36.26 42.14 19.6 -46.874 -140.345 -1.19615 
38.22 40.18 19.6 -95.2378 114.956 81.2041 
36.26 46.06 19.6 -142.274 -1.25222 53.1527 
38.22 44.1 19.6 -14.8937 99.4362 -34.3669 
40.18 2.94 19.6 -81.2259 -78.6561 -65.4254 
42.14 0.98 19.6 75.8179 55.4066 -10.6212 
40.18 6.86 19.6 -11.6441 55.4937 253.796 
42.14 4.9 19.6 46.7471 -64.0627 88.9154 
40.18 10.78 19.6 -164.151 49.2323 -170.496 
42.14 8.82 19.6 116.905 16.2116 0.891728 
40.18 14.7 19.6 64.1347 -16.3096 70.5225 
42.14 12.74 19.6 -56.5507 -28.7367 96.3802 
40.18 18.62 19.6 -65.3894 93.8994 -59.9997 
42.14 16.66 19.6 4.36519 21.8062 -29.1887 
40.18 22.54 19.6 -87.2221 -36.6025 -111.711 
42.14 20.58 19.6 -13.9411 116.628 -17.4126 
40.18 26.46 19.6 -139.222 -38.3139 -44.3427 
42.14 24.5 19.6 -161.339 -67.7735 117.009 
40.18 30.38 19.6 -59.9403 103.814 86.9814 
42.14 28.42 19.6 -6.95121 6.21825 -18.0584 
40.18 34.3 19.6 110.126 49.3697 -91.8869 
42.14 32.34 19.6 95.9963 49.6597 0.136153 
40.18 38.22 19.6 31.4639 133.458 96.1881 
42.14 36.26 19.6 -149.379 -11.9079 71.2894 
40.18 42.14 19.6 -42.3319 55.8818 -87.773 
42.14 40.18 19.6 -13.284 -46.5117 -84.9509 
40.18 46.06 19.6 156.798 -8.24074 -105.927 
42.14 44.1 19.6 -14.0309 65.084 -108.502 
44.1 2.94 19.6 -1.82591 29.4745 34.4282 
46.06 0.98 19.6 67.4251 -60.9959 -55.8585 
44.1 6.86 19.6 98.7158 -15.6905 9.18643 
46.06 4.9 19.6 -46.0222 101.616 -109.497 
44.1 10.78 19.6 -36.9978 -111.634 -3.84591 
46.06 8.82 19.6 21.6164 24.7021 68.1851 
44.1 14.7 19.6 77.9157 16.0022 91.4168 
46.06 12.74 19.6 -79.1852 136.802 -39.3778 
44.1 18.62 19.6 189.07 -12.7053 50.4029 
46.06 16.66 19.6 7.66992 -58.8128 208.059 
44.1 22.54 19.6 4.55203 93.6301 -10.1901 
46.06 20.58 19.6 -41.3701 -16.8791 56.691 
44.1 26.46 19.6 -73.1073 67.693 33.065 
46.06 24.5 19.6 43.7579 98.1387 120.403 
44.1 30.38 19.6 -14.6308 59.4999 -65.5419 
46.06 28.42 19.6 -9.06928 -49.3947 -94.2542 
44.1 34.3 19.6 -104.155 -132.93 96.8342 
46.06 32.34 19.6 96.7828 -165.855 -25.8477 
44.1 38.22 19.6 74.439 141.163 -48.52 
46.06 36.26 19.6 52.1516 22.9968 -131.098 
44.1 42.14 19.6 -127.972 -25.9014 35.3192 
46.06 40.18 19.6 26.0007 -88.3454 24.3329 
44.1 46.06 19.6 -70.8512 -45.1492 42.649 
46.06 44.1 19.6 -26.4703 87.184 34.1865 
0.98 0.98 21.56 -7.87046 4.08761 -18.0015 
2.94 2.94 21.56 142.127 100.361 57.4673 
0.98 4.9 21.56 -20.6282 175.381 32.1019 
2.94 6.86 21.56 28.7505 60.122 -131.912 
0.98 8.82 21.56 -52.8263 -73.2007 33.3007 
2.94 10.78 21.56 -34.5558 -45.0583 -104.69 
0.98 12.74 21.56 124.096 38.5863 87.7335 
2.94 14.7 21.56 -38.2309 46.3087 -90.1297 
0.98 16.66 21.56 28.3374 -12.982 -45.6394 
2.94 18.62 21.56 -16.4107 -13.4058 42.1877 
0.98 20.58 21.56 186.162 89.3229 131.648 
2.94 22.54 21.56 -26.9746 -37.7198 110.78 
0.98 24.5 21.56 -23.522 -36.9166 131.973 
2.94 26.46 21.56 -85.3067 13.1822 132.67 
0.98 28.42 21.56 13.6585 83.5371 89.1839 
2.94 30.38 21.56 -9.16116 -23.4489 73.0191 
0.98 32.34 21.56 22.0911 274.177 -18.3947 
2.94 34.3 21.56 -50.669 -106.816 -55.0175 
0.98 36.26 21.56 131.698 -18.3634 -46.1561 
2.94 38.22 21.56 148.264 6.39955 -93.0015 
0.98 40.18 21.56 20.0449 -33.8428 -164.651 
2.94 42.14 21.56 -95.8852 -86.2614 156.052 
0.98 44.1 21.56 -114.717 -137.012 6.14155 
2.94 46.06 21.56 63.0173 45.1067 47.0848 
4.9 0.98 21.56 263.78 -74.1084 -128.353 
6.86 2.94 21.56 -62.8935 -89.586 -35.7477 
4.9 4.9 21.56 85.7634 38.0285 44.5752 
6.86 6.86 21.56 -42.2952 66.7466 26.4602 
4.9 8.82 21.56 -137.375 -75.9278 121.663 
6.86 10.78 21.56 18.4145 0.748554 0.934419 
4.9 12.74 21.56 109.93 -121.611 -71.1086 
6.86 14.7 21.56 88.4801 20.5888 2.52036 
4.9 16.66 21.56 -59.2467 -158.872 94.7024 
6.86 18.62 21.56 40.9287 -171.557 100.896 
4.9 20.58 21.56 -156.583 20.8379 2.89221 
6.86 22.54 21.56 -124.036 -154.654 66.631 
4.9 24.5 21.56 -68.1373 114.859 51.7869 
6.86 26.46 21.56 -35.07 72.5064 32.0397 
4.9 28.42 21.56 -9.45317 141.391 -36.8175 
6.86 30.38 21.56 12.58 6.88325 17.7867 
4.9 32.34 21.56 112.655 -28.3761 -26.3377 
6.86 34.3 21.56 111.513 -113.503 59.5329 
4.9 36.26 21.56 -66.3868 -37.5404 -14.0457 
6.86 38.22 21.56 -129.741 -16.3536 3.70584 
4.9 40.18 21.56 -10.9824 7.00054 55.4916 
6.86 42.14 21.56 -16.9486 -71.9957 -85.3238 
4.9 44.1 21.56 -1.28025 81.3524 -22.1995 
6.86 46.06 21.56 28.4487 23.7589 -25.3882 
8.82 0.98 21.56 25.7965 -80.1498 -49.5609 
10.78 2.94 21.56 -68.2254 -94.3597 53.4259 
8.82 4.9 21.56 39.4531 -101.998 2.16703 
10.78 6.86 21.56 -118.985 50.2067 -165.733 
8.82 8.82 21.56 126.471 80.5998 -90.777 
10.78 10.78 21.56 -4.27601 -93.206 5.8823 
8.82 12.74 21.56 25.9668 -37.3003 -87.1872 
10.78 14.7 21.56 -56.2559 57.6825 93.7664 
8.82 16.66 21.56 -83.4661 138.997 9.11186 
10.78 18.62 21.56 45.1591 92.8695 54.8322 
8.82 20.58 21.56 -224.655 -50.5886 -5.58414 
10.78 22.54 21.56 50.1356 181.349 11.4586 
8.82 24.5 21.56 47.5401 -41.4917 60.1899 
10.78 26.46 21.56 -22.8047 -21.2216 -51.0498 
8.82 28.42 21.56 -21.2877 93.2615 -9.95107 
10.78 30.38 21.56 -13.8212 -147.249 -107.478 
8.82 32.34 21.56 101.111 185.947 17.2955 
10.78 34.3 21.56 48.5601 18.9284 34.024 
8.82 36.26 21.56 60.0038 -18.9909 76.0018 
10.78 38.22 21.56 -94.7974 -35.7003 50.1573 
8.82 40.18 21.56 67.4862 -35.3605 49.8641 
10.78 42.14 21.56 120.584 89.9349 -135.433 
8.82 44.1 21.56 56.3648 -70.0518 -75.6245 
10.78 46.06 21.56 0.199406 39.5244 -31.2114 
12.74 0.98 21.56 -212.68 -37.6794 108.649 
14.7 2.94 21.56 -67.7679 47.8609 88.9831 
12.74 4.9 21.56 -26.7986 -46.9074 -28.652 
14.7 6.86 21.56 88.519 0.435433 -66.2084 
12.74 8.82 21.56 43.7474 -141.859 132.713 
14.7 10.78 21.56 -8.96609 36.9099 -37.2878 
12.74 12.74 21.56 67.8581 -17.7644 60.003 
14.7 14.7 21.56 107.168 -83.7266 -11.6624 
12.74 16.66 21.56 41.9561 -7.83425 -151.078 
14.7 18.62 21.56 49.3369 40.0565 -140.277 
12.74 20.58 21.56 15.4923 -58.3277 -145.101 
14.7 22.54 21.56 -13.7178 -115.093 35.7157 
12.74 24.5 21.56 -14.1895 5.01625 38.8916 
14.7 26.46 21.56 136.319 -33.745 -42.44 
12.74 28.42 21.56 106.812 -31.795 -52.5132 
14.7 30.38 21.56 -10.1726 -79.4775 -34.7137 
12.74 32.34 21.56 -8.753 -36.1658 35.997 
14.7 34.3 21.56 -159.978 9.58845 -38.6948 
12.74 36.26 21.56 -42.8712 -197.582 41.7178 
14.7 38.22 21.56 79.4274 170.714 47.4621 
12.74 40.18 21.56 44.8137 -80.0705 -67.6093 
14.7 42.14 21.56 -54.0045 69.7739 -2.76254 
12.74 44.1 21.56 -86.2913 -76.753 8.40499 
14.7 46.06 21.56 -140.634 -26.5787 128.062 
16.66 0.98 21.56 28.231 48.4552 -31.7655 
18.62 2.94 21.56 -6.59856 -69.5467 -76.7405 
16.66 4.9 21.56 98.4909 -69.9373 -76.5743 
18.62 6.86 21.56 -6.77017 -18.6593 4.96245 
16.66 8.82 21.56 -17.859 54.4365 -6.57965 
18.62 10.78 21.56 53.7671 -51.0581 134.181 
16.66 12.74 21.56 8.90969 1.12058 48.3217 
18.62 14.7 21.56 18.5711 107.069 37.5236 
16.66 16.66 21.56 -22.0002 -10.5858 41.2165 
18.62 18.62 21.56 -18.4242 13.0339 57.2399 
16.66 20.58 21.56 -52.3126 123.456 169.306 
18.62 22.54 21.56 -6.62327 -16.3554 -40.0694 
16.66 24.5 21.56 46.8637 137.192 -67.1073 
18.62 26.46 21.56 82.1498 -10.2794 -50.2101 
16.66 28.42 21.56 -93.8453 86.4799 119.928 
18.62 30.38 21.56 -99.8454 -2.72724 8.52842 
16.66 32.34 21.56 -118.531 99.6387 122.489 
18.62 34.3 21.56 58.5565 13.9073 -45.4808 
16.66 36.26 21.56 94.2226 87.2107 40.7294 
18.62 38.22 21.56 100.696 -32.9163 88.8686 
16.66 40.18 21.56 -58.5018 65.3013 -40.2947 
18.62 42.14 21.56 -34.5974 73.751 69.8484 
16.66 44.1 21.56 61.6667 100.049 -36.7461 
18.62 46.06 21.56 33.0168 59.4441 -53.6194 
20.58 0.98 21.56 -15.6263 -168.454 -68.1035 
22.54 2.94 21.56 -77.1761 -72.8521 -6.68981 
20.58 4.9 21.56 -47.761 -127.736 75.5949 
22.54 6.86 21.56 71.8563 13.5973 35.1026 
20.58 8.82 21.56 69.0107 -98.457 6.70308 
22.54 10.78 21.56 115.413 1.98757 -20.1958 
20.58 12.74 21.56 78.2432 -172.774 45.1609 
22.54 14.7 21.56 -44.2741 46.5757 -106.314 
20.58 16.66 21.56 62.0103 -32.1788 -32.2794 
22.54 18.62 21.56 -39.4484 5.42086 44.5911 
20.58 20.58 21.56 -67.1608 -54.96 -92.1063 
22.54 22.54 21.56 -43.8763 -44.8063 40.694 
20.58 24.5 21.56 3.18463 -68.0113 -65.3808 
22.54 26.46 21.56 -96.8725 -97.3845 -111.609 
20.58 28.42 21.56 -93.3249 -154.566 -88.8439 
22.54 30.38 21.56 -95.4932 6.7114 -67.9252 
20.58 32.34 21.56 -22.5021 -17.6879 41.7247 
22.54 34.3 21.56 97.1025 67.3038 -66.9313 
20.58 36.26 21.56 0.942723 -123.227 101.585 
22.54 38.22 21.56 -127.707 -121.888 -69.8491 
20.58 40.18 21.56 66.3177 35.0629 4.18207 
22.54 42.14 21.56 2.57868 54.5357 -124.584 
20.58 44.1 21.56 -75.8616 -158.859 -159.034 
22.54 46.06 21.56 101.247 -15.7365 42.9555 
24.5 0.98 21.56 -40.0578 128.082 -53.9914 
26.46 2.94 21.56 -7.17139 44.139 1.4105 
24.5 4.9 21.56 15.615 40.3936 -17.4355 
26.46 6.86 21.56 82.0518 3.88237 -64.0771 
24.5 8.82 21.56 -7.78447 -7.44693 335.927 
26.46 10.78 21.56 -77.0521 68.6257 32.4059 
24.5 12.74 21.56 96.2207 -56.8995 5.14183 
26.46 14.7 21.56 -69.283 -34.1988 58.8759 
24.5 16.66 21.56 22.3103 89.3623 23.34 
26.46 18.62 21.56 -55.9739 113.709 109.424 
24.5 20.58 21.56 86.4439 -10.8951 -190.52 
26.46 22.54 21.56 120.75 112.723 -78.1874 
24.5 24.5 21.56 -7.59203 -73.0835 273.482 
26.46 26.46 21.56 99.4771 -34.9292 -9.05857 
24.5 28.42 21.56 -58.2265 120.354 -101.344 
26.46 30.38 21.56 -13.6118 25.8114 137.161 
24.5 32.34 21.56 58.7279 4.75416 -5.97114 
26.46 34.3 21.56 -152.938 -129.497 -14.9056 
24.5 36.26 21.56 -15.0167 -1.83906 -27.0412 
26.46 38.22 21.56 -5.99875 75.3195 71.6821 
24.5 40.18 21.56 88.7942 -108.063 8.58499 
26.46 42.14 21.56 -77.8262 -97.0802 52.1816 
24.5 44.1 21.56 -96.396 31.7838 -44.3338 
26.46 46.06 21.56 5.19675 114.601 -28.4981 
28.42 0.98 21.56 89.4012 -156.448 33.0995 
30.38 2.94 21.56 23.1713 -30.3289 201.695 
28.42 4.9 21.56 145.888 47.3914 31.4785 
30.38 6.86 21.56 -46.7566 3.26087 -3.34387 
28.42 8.82 21.56 -10.2614 -98.9244 -8.16955 
30.38 10.78 21.56 -101.864 132.731 -106.656 
28.42 12.74 21.56 104.977 -115.778 15.3739 
30.38 14.7 21.56 -15.555 107.249 -10.717 
28.42 16.66 21.56 34.4568 -203.007 -60.1 
30.38 18.62 21.56 -52.2636 -33.659 -28.0966 
28.42 20.58 21.56 -36.2687 22.2429 93.2109 
30.38 22.54 21.56 -4.43841 50.5263 104.131 
28.42 24.5 21.56 35.4036 3.04871 -91.5022 
30.38 26.46 21.56 -78.807 97.3798 1.70271 
28.42 28.42 21.56 82.1852 76.234 -138.603 
30.38 30.38 21.56 141.989 163.182 -57.122 
28.42 32.34 21.56 -51.3066 22.333 -9.44316 
30.38 34.3 21.56 46.0657 -1.71916 -118.367 
28.42 36.26 21.56 8.24566 164.929 14.685 
30.38 38.22 21.56 46.6837 -10.7224 -91.9719 
28.42 40.18 21.56 -80.7897 109.375 -36.5272 
30.38 42.14 21.56 56.6455 -42.2471 18.2937 
28.42 44.1 21.56 -68.3547 85.3529 -172.947 
30.38 46.06 21.56 42.4234 171.298 84.3742 
32.34 0.98 21.56 -197.876 -217.831 47.0249 
34.3 2.94 21.56 -105.838 -10.9876 117.903 
32.34 4.9 21.56 78.5519 -106.706 63.1317 
34.3 6.86 21.56 10.9975 56.8966 -16.0522 
32.34 8.82 21.56 -49.5115 -32.9885 187.658 
34.3 10.78 21.56 13.0103 137.307 63.6774 
32.34 12.74 21.56 62.8441 46.5649 -29.3041 
34.3 14.7 21.56 -111.496 -10.0494 -120.561 
32.34 16.66 21.56 -25.4114 -87.0262 113.546 
34.3 18.62 21.56 22.5088 14.9011 262.228 
32.34 20.58 21.56 81.8751 117.45 139.583 
34.3 22.54 21.56 -24.4189 11.6191 57.0692 
32.34 24.5 21.56 -109.006 -44.1081 -4.85683 
34.3 26.46 21.56 114.984 -32.4727 21.6395 
32.34 28.42 21.56 -53.6727 -2.43272 -94.2485 
34.3 30.38 21.56 44.6179 15.6277 -9.34605 
32.34 32.34 21.56 -115.948 33.2018 55.0847 
34.3 34.3 21.56 -130.356 -42.4841 18.8863 
32.34 36.26 21.56 -50.3329 14.9289 -104.463 
34.3 38.22 21.56 -94.1148 30.6093 18.2328 
32.34 40.18 21.56 -174.659 92.9985 35.0568 
34.3 42.14 21.56 62.8634 -126.786 11.0595 
32.34 44.1 21.56 -53.5325 11.1162 -113.531 
34.3 46.06 21.56 21.9217 -103.183 -27.34 
36.26 0.98 21.56 26.6 18.9657 -64.8375 
38.22 2.94 21.56 160.951 -96.9725 -107.512 
36.26 4.9 21.56 -47.8424 -100.049 21.9997 
38.22 6.86 21.56 34.3969 -56.7224 22.2192 
36.26 8.82 21.56 47.474 171.567 -6.87506 
38.22 10.78 21.56 10.7153 26.9614 -83.872 
36.26 12.74 21.56 64.4294 27.6497 236.501 
38.22 14.7 21.56 -25.0511 -87.326 52.1743 
36.26 16.66 21.56 -28.7112 18.5664 -86.8558 
38.22 18.62 21.56 -157.983 -43.1142 124.354 
36.26 20.58 21.56 165.719 20.1463 -32.8913 
38.22 22.54 21.56 -73.6579 75.9628 78.9979 
36.26 24.5 21.56 92.052 7.65764 25.6646 
38.22 26.46 21.56 62.1187 62.458 53.7179 
36.26 28.42 21.56 80.4714 120.435 -21.5897 
38.22 30.38 21.56 -55.1013 66.6586 4.08743 
36.26 32.34 21.56 -8.2722 -146.803 -67.9546 
38.22 34.3 21.56 -10.8354 102.424 78.6354 
36.26 36.26 21.56 -8.66473 -140.565 -65.5813 
38.22 38.22 21.56 -9.67203 -14.0477 -35.0596 
36.26 40.18 21.56 -44.7507 85.7529 50.5661 
38.22 42.14 21.56 -34.4266 -5.55397 -6.95037 
36.26 44.1 21.56 90.4683 -73.1011 50.6924 
38.22 46.06 21.56 38.9053 83.69 100.372 
40.18 0.98 21.56 -18.3421 -22.6599 113.857 
42.14 2.94 21.56 -163.379 18.2141 133.321 
40.18 4.9 21.56 -43.8606 16.2911 -11.7921 
42.14 6.86 21.56 -19.6222 4.18883 140.189 
40.18 8.82 21.56 -49.8864 -33.8242 -0.468473 
42.14 10.78 21.56 -55.2202 -86.0714 31.5629 
40.18 12.74 21.56 73.9714 27.7997 -35.0458 
42.14 14.7 21.56 -8.05105 2.95756 -5.15929 
40.18 16.66 21.56 26.6466 -49.6891 -38.4771 
42.14 18.62 21.56 41.1073 45.1757 73.268 
40.18 20.58 21.56 -29.8269 48.7719 -77.1259 
42.14 22.54 21.56 44.5254 -20.621 -129.289 
40.18 24.5 21.56 13.7477 -80.0383 -58.1135 
42.14 26.46 21.56 68.1364 86.3695 70.4076 
40.18 28.42 21.56 -85.7077 -50.8673 111.128 
42.14 30.38 21.56 -12.5291 -156.264 -112.564 
40.18 32.34 21.56 8.70321 138.615 116.381 
42.14 34.3 21.56 28.7072 -36.013 -14.0571 
40.18 36.26 21.56 85.5042 -71.606 71.5131 
42.14 38.22 21.56 13.5246 168.104 -62.5254 
40.18 40.18 21.56 -217.244 -75.9 -134.019 
42.14 42.14 21.56 -59.5654 -47.7485 -30.4137 
40.18 44.1 21.56 -32.6096 2.45397 -35.5805 
42.14 46.06 21.56 -75.7166 164.308 69.2676 
44.1 0.98 21.56 58.692 -96.2801 -38.0519 
46.06 2.94 21.56 -105.688 -9.60558 86.8463 
44.1 4.9 21.56 53.5598 119.668 187.98 
46.06 6.86 21.56 33.5076 -2.04235 63.5106 
44.1 8.82 21.56 -24.6052 -77.2073 71.3751 
46.06 10.78 21.56 37.5435 157.028 127.434 
44.1 12.74 21.56 71.0873 69.5099 -157.684 
46.06 14.7 21.56 65.8328 18.861 64.7349 
44.1 16.66 21.56 1.09729 141.059 -13.9733 
46.06 18.62 21.56 74.5912 39.7913 -157.511 
44.1 20.58 21.56 -30.8287 -106.242 -12.7218 
46.06 22.54 21.56 -122.992 102.541 -67.1197 
44.1 24.5 21.56 24.5316 -7.95752 27.0703 
46.06 26.46 21.56 66.8566 14.5664 -137.786 
44.1 28.42 21.56 16.4273 -24.6457 112.449 
46.06 30.38 21.56 -122.297 -40.2963 -114.652 
44.1 32.34 21.56 9.98829 57.2791 -62.9662 
46.06 34.3 21.56 60.0549 -2.68464 -23.4642 
44.1 36.26 21.56 -0.799366 -25.2248 -87.1684 
46.06 38.22 21.56 -64.4665 -111.435 115.045 
44.1 40.18 21.56 0.703132 -26.436 39.3378 
46.06 42.14 21.56 56.4937 162.297 -3.10469 
44.1 44.1 21.56 -57.0927 52.7399 -27.8174 
46.06 46.06 21.56 -31.6173 8.72682 -66.9113 