0 -5.77316e-15 -4.29286e-16 -2.66454e-15 
100 -6.59226e-15 2.12669e-15 -6.72055e-15 
200 -6.16791e-15 6.41462e-16 -9.35548e-15 
300 -2.74842e-15 2.23031e-15 -8.9706e-15 
400 -2.25992e-15 2.25005e-15 -3.91785e-15 
500 -2.70401e-15 2.30926e-15 -3.73035e-15 
600 -4.01654e-15 2.34874e-15 -5.84224e-15 
700 -1.4803e-15 1.61846e-15 -6.51331e-15 
800 -7.10543e-16 4.39155e-15 -8.23045e-15 
900 2.42769e-15 1.77389e-15 -1.13341e-14 
1000 -5.21065e-15 1.89478e-15 -4.38168e-15 
1100 -9.91799e-16 -8.33901e-16 -8.44756e-15 
1200 2.12176e-16 -8.88178e-16 -4.6358e-15 
1300 6.93273e-16 -2.44866e-16 -5.60293e-15 
1400 -1.15463e-15 -1.26319e-15 -7.10049e-15 
1500 3.9672e-15 1.71714e-15 -6.03468e-15 
1600 1.02437e-14 1.57898e-15 -1.00586e-14 
1700 5.83731e-15 0 -2.51157e-15 
1800 4.74682e-15 -9.97967e-16 -1.76649e-15 
1900 3.92526e-15 -8.88178e-16 -6.38255e-15 
2000 7.50017e-15 1.00167e-15 -7.86531e-15 
2100 8.55242e-15 -3.45403e-16 -9.07916e-15 
2200 3.94746e-15 -5.7929e-15 -4.39648e-15 
2300 8.11141e-15 2.71388e-16 -3.70568e-15 
2400 5.57085e-15 -1.09295e-15 1.55925e-15 
2500 6.42449e-15 -1.91205e-15 -3.64647e-15 
2600 6.23699e-15 -3.70568e-15 1.34954e-15 
2700 7.54458e-15 -3.43429e-15 2.19084e-15 
2800 1.05311e-14 -1.28292e-16 -1.32733e-15 
2900 1.15272e-14 -3.52804e-16 2.96059e-16 
3000 1.08432e-14 2.07242e-16 9.86865e-18 
3100 1.64214e-14 1.4803e-16 -1.6382e-15 
3200 1.62142e-14 1.38161e-16 1.89971e-16 
3300 1.05792e-14 -9.32587e-16 2.13039e-15 
3400 1.53951e-14 -2.49677e-15 -3.05928e-16 
3500 1.25727e-14 6.90805e-17 -6.56265e-16 
3600 1.13292e-14 -1.13489e-15 -1.11516e-15 
3700 1.27725e-14 1.11516e-15 1.52872e-15 
3800 1.33523e-14 4.30767e-15 1.55925e-15 
3900 1.59921e-14 1.45069e-15 1.72948e-15 
4000 1.58293e-14 2.22045e-15 1.90712e-15 
4100 1.39444e-14 -3.84877e-16 -2.88165e-15 
4200 1.08062e-14 -2.56585e-16 4.5698e-15 
4300 1.43034e-14 -1.28786e-15 -1.57898e-16 
4400 1.54839e-14 -3.94746e-17 4.18431e-15 
4500 1.1798e-14 1.1645e-15 2.84371e-15 
4600 1.39937e-14 2.21058e-15 -1.93426e-15 
4700 1.30069e-14 -2.1415e-15 7.59886e-16 
4800 7.95413e-15 -1.6826e-15 -1.35571e-15 
4900 1.04805e-14 -4.53464e-15 4.14483e-15 
5000 1.00858e-14 -5.6606e-15 2.90138e-15 
5100 1.2622e-14 -5.56098e-15 4.26819e-15 
5200 9.69101e-15 -3.92279e-15 2.81256e-16 
5300 1.19509e-14 -7.49462e-15 4.51984e-15 
5400 1.06877e-14 -9.71075e-15 3.44909e-15 
5500 1.25233e-14 -7.07582e-15 1.85531e-15 
5600 9.91306e-15 -8.28967e-15 8.06269e-15 
5700 1.20694e-14 -9.51091e-15 5.1317e-15 
5800 1.69149e-14 -1.02634e-14 8.24032e-15 
5900 1.37544e-14 -1.11022e-14 8.32421e-15 
6000 1.2849e-14 -7.57912e-15 6.20861e-15 
6100 1.31241e-14 -9.52325e-15 7.52361e-15 
6200 1.1423e-14 -7.22385e-15 1.02634e-14 
6300 1.07519e-14 -8.17124e-15 1.277e-14 
6400 1.30871e-14 -8.47224e-15 1.28885e-14 
6500 1.3599e-14 -6.45255e-15 1.46056e-14 
6600 1.29279e-14 -4.5001e-15 1.09739e-14 
6700 7.18438e-15 -7.56925e-15 1.18226e-14 
6800 1.30612e-14 -1.02208e-14 1.15463e-14 
6900 1.08691e-14 -9.75454e-15 5.80277e-15 
7000 9.58246e-15 -1.17141e-14 1.00167e-14 
7100 7.10543e-15 -9.13343e-15 9.85878e-15 
7200 9.49364e-15 -1.19707e-14 1.13786e-14 
7300 6.90805e-15 -1.06187e-14 9.04955e-15 
7400 5.88788e-15 -1.05249e-14 1.11516e-14 
7500 8.63013e-15 -3.86851e-15 9.39495e-15 
7600 9.05202e-15 -9.14824e-15 4.87511e-15 
7700 7.17451e-15 -1.10035e-14 6.27646e-15 
7800 3.86851e-15 -1.24049e-14 5.20078e-15 
7900 6.56265e-15 -1.43243e-14 5.74355e-15 
8000 7.11776e-15 -1.68976e-14 7.1449e-15 
8100 2.01567e-15 -1.64313e-14 8.17618e-15 
8200 4.6284e-15 -1.55135e-14 8.57586e-15 
8300 2.20071e-15 -1.93426e-14 1.01252e-14 
8400 6.57252e-15 -1.82077e-14 9.34561e-15 
8500 4.56425e-15 -1.96386e-14 9.00021e-15 
8600 4.8159e-15 -1.97077e-14 7.75676e-15 
8700 6.51824e-15 -1.6324e-14 7.73455e-15 
8800 5.04288e-15 -1.86221e-14 1.04361e-14 
8900 7.67287e-16 -2.25246e-14 7.69261e-15 
9000 4.45076e-15 -2.26239e-14 3.38248e-15 
9100 7.09556e-15 -2.44002e-14 5.83731e-15 
9200 2.60532e-15 -2.27941e-14 5.47463e-15 
9300 3.22705e-15 -2.34923e-14 1.18029e-14 
9400 1.97373e-17 -2.15803e-14 6.37515e-15 
9500 2.40795e-15 -2.07488e-14 9.41963e-15 
9600 3.45403e-15 -1.99001e-14 8.9706e-15 
9700 1.0066e-15 -2.04084e-14 1.01154e-14 
9800 8.19098e-16 -2.48493e-14 1.13909e-14 
9900 -1.18424e-16 -2.21823e-14 7.29293e-15 
10000 1.95399e-15 -2.30581e-14 8.15397e-15 
10100 2.25005e-15 -2.47851e-14 9.4739e-15 
10200 -3.15797e-16 -2.27522e-14 4.78136e-15 
10300 2.96553e-15 -2.23722e-14 4.59879e-15 
10400 3.78463e-15 -2.28706e-14 1.93179e-15 
10500 6.35541e-15 -2.4642e-14 5.32907e-15 
10600 -4.23858e-15 -2.57054e-14 2.04281e-15 
10700 6.01988e-16 -2.74151e-14 2.71388e-15 
10800 -2.61519e-16 -2.83033e-14 -3.70074e-16 
10900 8.83244e-16 -3.16142e-14 1.61846e-15 
11000 7.50017e-16 -2.88707e-14 -9.1285e-16 
11100 9.17784e-16 -2.82663e-14 1.54938e-15 
11200 3.94746e-15 -2.81059e-14 -1.68754e-15 
11300 9.52325e-16 -2.85204e-14 -1.67767e-16 
11400 1.75662e-15 -2.85993e-14 7.59886e-16 
11500 7.66794e-15 -2.73559e-14 9.86865e-17 
11600 9.04708e-15 -3.26097e-14 -3.60206e-16 
11700 3.27639e-15 -3.26159e-14 9.96734e-16 
11800 4.24352e-15 -3.15895e-14 3.15797e-16 
11900 6.07909e-15 -3.07014e-14 3.05928e-16 
12000 4.35207e-15 -2.96652e-14 -2.09462e-15 
12100 4.88498e-15 -2.9004e-14 -9.57259e-16 
12200 1.0409e-14 -3.28034e-14 6.01988e-16 
12300 1.72701e-15 -3.02968e-14 6.31594e-16 
12400 6.9796e-15 -2.93198e-14 4.3052e-16 
12500 5.3192e-15 -2.8587e-14 -5.1317e-16 
12600 5.32907e-15 -3.07606e-14 -1.26565e-15 
12700 5.51164e-15 -3.13626e-14 -3.82904e-15 
12800 3.07655e-15 -3.13428e-14 9.86865e-17 
12900 4.39833e-15 -3.20768e-14 -4.64813e-15 
13000 6.4689e-15 -3.24827e-14 -1.03066e-15 
13100 2.96059e-15 -3.2643e-14 -3.4935e-15 
13200 7.01661e-15 -3.55173e-14 -2.64233e-15 
13300 7.68274e-15 -3.65535e-14 -1.40628e-15 
13400 3.6514e-15 -3.3435e-14 -1.57898e-15 
13500 5.39013e-15 -3.29638e-14 -1.8257e-15 
13600 4.25778e-15 -2.97145e-14 1.08062e-15 
13700 5.48944e-15 -3.00007e-14 1.88491e-15 
13800 1.03251e-14 -3.29169e-14 2.24018e-15 
13900 3.05928e-16 -3.34893e-14 2.43756e-15 
14000 2.16679e-15 -3.55666e-14 6.07909e-15 
14100 8.63507e-18 -3.81349e-14 2.43756e-15 
14200 4.09549e-15 -3.80239e-14 1.99347e-15 
14300 2.1637e-15 -3.78956e-14 1.87258e-15 
14400 5.03795e-15 -3.69482e-14 1.79609e-15 
14500 4.53958e-15 -4.08636e-14 5.37841e-16 
14600 2.04774e-15 -3.85371e-14 -2.62506e-15 
14700 3.75502e-15 -3.90404e-14 -2.66454e-16 
14800 4.09549e-15 -4.14878e-14 -4.04615e-16 
14900 6.98207e-15 -4.09376e-14 -5.8225e-16 
15000 4.52971e-15 -3.87394e-14 -7.45083e-16 
15100 3.81917e-15 -3.94746e-14 1.03029e-14 
15200 3.31217e-16 -3.4708e-14 -4.58399e-15 
15300 4.53958e-16 -3.84335e-14 -3.42442e-15 
15400 6.41462e-17 -3.8389e-14 -3.34547e-15 
15500 -1.18424e-15 -3.63068e-14 -4.61359e-15 
15600 4.11029e-15 -3.39654e-14 -5.2896e-15 
15700 2.3364e-15 -3.29841e-14 -4.78629e-15 
15800 3.55765e-15 -3.40616e-14 -2.0132e-15 
15900 -6.06922e-16 -3.36084e-14 -3.4787e-15 
16000 5.62513e-16 -3.45649e-14 -2.76322e-15 
16100 2.72375e-15 -3.32228e-14 -7.84558e-16 
16200 2.66454e-15 -3.47463e-14 3.92772e-15 
16300 9.57259e-16 -3.39235e-14 3.05928e-16 
16400 -3.77476e-15 -3.29366e-14 3.306e-16 
16500 -1.38161e-15 -3.46414e-14 5.90392e-15 
16600 -8.38835e-16 -3.53279e-14 2.66454e-15 
16700 -2.96059e-16 -3.33856e-14 5.05275e-15 
16800 1.06581e-15 -3.27343e-14 8.38835e-15 
16900 1.01647e-15 -2.95517e-14 3.38495e-15 
17000 -5.92119e-16 -3.03698e-14 3.60206e-15 
17100 9.27653e-16 -2.92013e-14 3.23692e-15 
17200 3.54778e-15 -3.10517e-14 5.60539e-15 
17300 -1.28292e-15 -2.78296e-14 1.6678e-15 
17400 3.23692e-15 -2.99588e-14 1.57898e-15 
17500 7.35214e-16 -2.96158e-14 3.75996e-15 
17600 1.06088e-15 -2.92309e-14 -1.26319e-15 
17700 -1.41615e-15 -3.24975e-14 1.97373e-16 
17800 -2.72621e-16 -2.8888e-14 -1.57898e-15 
17900 4.38168e-15 -3.20287e-14 -2.78789e-15 
18000 4.1251e-15 -3.32573e-14 2.26979e-16 
18100 -4.56425e-16 -3.07803e-14 3.84877e-16 
18200 -1.75662e-15 -3.2083e-14 -2.08722e-15 
18300 -3.03954e-15 -3.37903e-14 -4.1325e-16 
18400 -1.69001e-15 -3.09777e-14 -2.71881e-15 
18500 3.75009e-16 -3.41875e-14 1.46796e-16 
18600 -4.17151e-15 -3.0504e-14 3.91431e-16 
18700 -4.69748e-15 -3.24432e-14 1.87011e-15 
18800 -5.48635e-16 -3.14415e-14 6.96665e-16 
18900 -2.6744e-15 -2.855e-14 1.69556e-15 
19000 -1.8843e-15 -3.18461e-14 9.67128e-16 
19100 -2.53624e-15 -3.09037e-14 -1.74675e-15 
19200 -3.22211e-15 -3.05817e-14 1.82077e-15 
19300 -1.85777e-15 -2.97441e-14 9.36535e-15 
19400 -3.08889e-15 -2.79085e-14 1.23852e-15 
19500 9.86865e-18 -2.82723e-14 4.03628e-15 
19600 2.88165e-15 -2.82441e-14 2.19577e-15 
19700 -1.87504e-15 -2.78802e-14 3.98693e-15 
19800 2.18591e-15 -2.84908e-14 1.24863e-14 
19900 1.38161e-15 -2.78987e-14 2.63493e-15 
20000 -1.27799e-15 -2.76816e-14 8.51664e-15 
20100 2.77062e-15 -2.94086e-14 2.70401e-15 
20200 -1.53951e-15 -2.90138e-14 6.34554e-15 
20300 -6.80937e-16 -2.9379e-14 7.06595e-15 
20400 -5.85581e-15 -3.15205e-14 6.84884e-15 
20500 4.97873e-15 -2.97885e-14 7.93439e-15 
20600 2.53378e-15 -3.08543e-14 7.59886e-15 
20700 1.45563e-15 -3.22902e-14 7.73702e-15 
20800 1.51977e-15 -3.30994e-14 8.67454e-15 
20900 5.1317e-15 -2.98009e-14 1.01548e-14 
21000 8.00594e-15 -3.27837e-14 8.09723e-15 
21100 8.2946e-15 -3.36422e-14 7.41259e-15 
21200 5.41542e-15 -3.5352e-14 7.76663e-15 
21300 5.26739e-15 -3.75996e-14 8.03308e-15 
21400 3.42689e-15 -3.3921e-14 1.27207e-14 
21500 3.94746e-15 -3.719e-14 9.57691e-15 
21600 4.59879e-15 -3.64745e-14 1.36089e-14 
21700 4.38168e-15 -3.63894e-14 1.11466e-14 
21800 1.75662e-15 -3.64745e-14 1.96534e-14 
21900 1.05595e-15 -3.48783e-14 1.61155e-14 
22000 1.8405e-15 -3.45205e-14 1.16327e-14 
22100 -1.80103e-16 -3.56801e-14 1.36977e-14 
22200 1.92153e-15 -3.85124e-14 1.25208e-14 
22300 4.16457e-15 -3.83002e-14 1.52964e-14 
22400 5.40802e-15 -3.87789e-14 1.54469e-14 
22500 5.74109e-15 -3.77871e-14 9.69101e-15 
22600 3.53668e-15 -4.03924e-14 1.03824e-14 
22700 3.51817e-15 -3.88726e-14 8.92126e-15 
22800 4.92076e-15 -4.13052e-14 5.42282e-15 
22900 4.73695e-16 -3.81127e-14 6.12843e-15 
23000 5.10209e-15 -3.67903e-14 4.82577e-15 
23100 6.47383e-15 -3.82114e-14 5.08729e-15 
23200 6.87845e-15 -3.89812e-14 4.20651e-15 
23300 7.25346e-15 -3.64252e-14 4.39155e-15 
23400 5.33894e-15 -3.89602e-14 5.94956e-15 
23500 6.08402e-15 -3.76834e-14 6.52811e-15 
23600 4.79616e-15 -4.04713e-14 5.72382e-15 
23700 5.89559e-15 -4.10437e-14 7.65807e-15 
23800 8.06269e-15 -4.15507e-14 8.18604e-15 
23900 6.44916e-15 -3.94647e-14 1.13983e-14 
24000 3.86851e-15 -3.64992e-14 9.16798e-15 
24100 5.01327e-15 -3.92575e-14 1.06285e-14 
24200 5.97069e-15 -3.60304e-14 7.06595e-15 
24300 2.65467e-15 -3.44416e-14 1.23457e-14 
24400 3.84877e-15 -3.44367e-14 6.65147e-15 
24500 5.74849e-15 -3.5875e-14 1.46845e-14 
24600 3.66559e-15 -3.86555e-14 1.26664e-14 
24700 1.62339e-15 -4.07378e-14 6.47877e-15 
24800 1.68754e-15 -3.88381e-14 1.16962e-14 
24900 3.92772e-15 -3.76193e-14 8.14287e-15 
25000 -1.11516e-15 -3.63043e-14 9.33574e-15 
25100 1.18424e-16 -3.95486e-14 7.70741e-15 
25200 -2.85821e-15 -4.25437e-14 1.34115e-14 
25300 3.9968e-15 -4.03973e-14 1.3372e-14 
25400 1.53951e-15 -4.2376e-14 1.23506e-14 
25500 1.02634e-15 -3.92526e-14 8.76367e-15 
25600 3.75009e-15 -3.7037e-14 8.21596e-15 
25700 4.74682e-15 -3.82213e-14 1.0747e-14 
25800 6.62186e-15 -3.77032e-14 1.19657e-14 
25900 2.06255e-15 -3.71259e-14 1.08851e-14 
26000 6.94552e-15 -3.86407e-14 8.43276e-15 
26100 9.04801e-15 -3.88677e-14 9.7971e-15 
26200 1.09443e-14 -3.78167e-14 1.2849e-14 
26300 8.02321e-15 -3.98428e-14 8.70415e-15 
26400 1.03522e-14 -4.16827e-14 1.48375e-14 
26500 9.36041e-15 -4.32148e-14 -7.20411e-16 
26600 6.4837e-15 -3.99088e-14 1.08851e-14 
26700 1.41319e-14 -3.96917e-14 9.41469e-15 
26800 1.17896e-14 -3.78561e-14 8.9632e-15 
26900 1.30266e-14 -4.15766e-14 1.12305e-14 
27000 1.46253e-14 -4.08445e-14 1.4122e-14 
27100 1.21582e-14 -3.83619e-14 1.15809e-14 
27200 1.4497e-14 -4.03726e-14 1.15451e-14 
27300 1.25085e-14 -3.91785e-14 1.28095e-14 
27400 9.41963e-15 -4.01358e-14 8.66961e-15 
27500 1.26109e-14 -3.90502e-14 6.75509e-15 
27600 9.39989e-15 -4.05207e-14 1.09443e-14 
27700 1.1645e-14 -3.99927e-14 8.3131e-15 
27800 8.92527e-15 -4.18036e-14 7.67781e-15 
27900 9.95253e-15 -3.76144e-14 7.39655e-15 
28000 1.13712e-14 -3.8922e-14 6.05935e-15 
28100 1.10899e-14 -3.71209e-14 8.37848e-15 
28200 1.07766e-14 -3.5912e-14 9.21979e-15 
28300 7.84558e-15 -3.72245e-14 1.18226e-14 
28400 1.43169e-14 -3.77969e-14 9.36041e-15 
28500 1.16228e-14 -3.73331e-14 9.52325e-15 
28600 9.66141e-15 -3.46649e-14 8.22244e-15 
28700 1.0816e-14 -3.53939e-14 7.41136e-15 
28800 1.25134e-14 -3.59811e-14 7.58899e-15 
28900 1.25529e-14 -3.87641e-14 4.86524e-15 
29000 1.49214e-14 -3.54679e-14 6.987e-15 
29100 1.13193e-14 -3.71308e-14 9.64167e-15 
29200 1.42059e-14 -3.52113e-14 1.55826e-14 
29300 1.22334e-14 -3.70765e-14 1.0066e-14 
29400 1.56813e-14 -3.58824e-14 8.26499e-15 
29500 1.7132e-14 -3.92772e-14 1.17141e-14 
29600 1.53556e-14 -4.12756e-14 9.1285e-15 
29700 1.59083e-14 -3.57048e-14 9.48377e-15 
29800 1.7428e-14 -3.61193e-14 7.18684e-15 
29900 1.80399e-14 -3.82509e-14 9.1433e-15 
30000 1.7803e-14 -3.76871e-14 9.38015e-15 
30100 1.27799e-14 -3.78241e-14 1.05989e-14 
30200 1.61352e-14 -3.68791e-14 5.60909e-15 
30300 1.5553e-14 -3.78265e-14 2.76322e-15 
30400 1.17634e-14 -3.82163e-14 5.01574e-15 
30500 1.41023e-14 -3.87147e-14 3.37508e-15 
30600 1.578e-14 -3.65239e-14 3.02721e-15 
30700 1.56048e-14 -3.63462e-14 4.85538e-15 
30800 1.42898e-14 -3.97016e-14 3.10862e-15 
30900 1.17141e-14 -4.0797e-14 -2.52637e-15 
31000 1.42799e-14 -4.132e-14 5.19461e-15 
31100 1.32191e-14 -4.30569e-14 5.54618e-15 
31200 1.16055e-14 -4.2978e-14 1.44582e-14 
31300 1.0103e-14 -4.19023e-14 7.63833e-15 
31400 9.36782e-15 -4.36096e-14 9.43443e-15 
31500 9.88839e-15 -4.06002e-14 1.00315e-14 
31600 7.68768e-15 -4.13299e-14 5.48697e-15 
31700 9.01995e-15 -3.90009e-14 7.27674e-15 
31800 1.03584e-14 -3.92772e-14 1.1645e-15 
31900 1.05595e-14 -4.11029e-14 -6.11856e-16 
32000 1.3599e-14 -3.51719e-14 -1.46056e-15 
32100 7.01291e-15 -3.45403e-14 7.00674e-16 
32200 1.19953e-14 -3.62124e-14 3.55765e-15 
32300 1.22569e-14 -3.64893e-14 6.3258e-15 
32400 9.79957e-15 -3.57837e-14 1.02141e-14 
32500 8.83059e-15 -3.63462e-14 4.43102e-15 
32600 9.40976e-15 -3.59811e-14 -4.14483e-16 
32700 1.21582e-14 -3.57714e-14 3.15797e-16 
32800 9.80944e-15 -3.67508e-14 9.27653e-16 
32900 1.18424e-14 -3.38988e-14 4.79616e-15 
33000 1.06187e-14 -3.47673e-14 4.53464e-15 
33100 1.11787e-14 -3.94549e-14 4.87511e-15 
33200 1.04509e-14 -3.76686e-14 3.82904e-15 
33300 9.85878e-15 -3.75831e-14 3.15797e-15 
33400 1.11516e-14 -3.72147e-14 4.11523e-15 
33500 1.07075e-14 -4.03677e-14 5.41295e-15 
33600 1.0684e-14 -3.76686e-14 -1.28292e-15 
33700 1.0816e-14 -3.81719e-14 1.89725e-15 
33800 1.07568e-14 -4.01654e-14 2.82243e-15 
33900 1.05496e-14 -3.9366e-14 5.17117e-15 
34000 1.03029e-14 -3.92377e-14 -1.34769e-15 
34100 8.72389e-15 -3.62574e-14 -9.67128e-16 
34200 1.18819e-14 -4.13977e-14 4.13496e-15 
34300 1.3145e-14 -3.80239e-14 7.50017e-16 
34400 1.39987e-14 -4.11732e-14 2.26177e-15 
34500 1.57084e-14 -3.83397e-14 8.16877e-15 
34600 1.20817e-14 -3.92328e-14 2.69414e-15 
34700 1.08062e-14 -3.98891e-14 3.68101e-15 
34800 1.03448e-14 -3.74022e-14 1.00167e-15 
34900 1.12601e-14 -3.42146e-14 2.76322e-15 
35000 9.89332e-15 -3.49646e-14 2.23031e-15 
35100 7.13133e-15 -3.35731e-14 3.41455e-15 
35200 7.75923e-15 -3.29576e-14 1.44576e-15 
35300 7.45823e-15 -3.43084e-14 -4.33727e-15 
35400 7.67781e-15 -3.53002e-14 -2.07242e-16 
35500 8.98047e-15 -3.32376e-14 9.72062e-16 
35600 1.13668e-14 -3.45279e-14 -6.90805e-16 
35700 1.26565e-14 -3.67114e-14 8.43769e-16 
35800 1.22223e-14 -3.73972e-14 2.10202e-15 
35900 9.41469e-15 -3.20497e-14 1.02634e-15 
36000 9.61206e-15 -3.3731e-14 -1.44576e-15 
36100 8.83244e-15 -3.22162e-14 -3.18264e-15 
36200 1.26417e-14 -3.20349e-14 4.35763e-15 
36300 1.21779e-14 -2.93691e-14 4.08562e-15 
36400 9.61823e-15 -3.14563e-14 8.82257e-15 
36500 1.19953e-14 -3.23001e-14 3.75996e-15 
36600 1.32043e-14 -3.36817e-14 2.99514e-15 
36700 9.87358e-15 -3.28725e-14 -4.14483e-16 
36800 1.18461e-14 -3.34843e-14 -9.62193e-16 
36900 1.30809e-14 -3.31488e-14 3.15797e-16 
37000 1.20299e-14 -3.35337e-14 1.24345e-15 
37100 1.04805e-14 -3.29909e-14 1.18424e-16 
37200 1.21384e-14 -3.32771e-14 -6.49357e-15 
37300 1.11614e-14 -3.18856e-14 -1.8109e-15 
37400 1.08382e-14 -2.96257e-14 -7.15477e-15 
37500 1.06384e-14 -2.8101e-14 -6.71068e-15 
37600 1.12108e-14 -3.28083e-14 -7.05115e-15 
37700 1.08062e-14 -2.9073e-14 -5.32907e-15 
37800 1.09036e-14 -3.09382e-14 -5.09716e-15 
37900 1.05989e-14 -3.18461e-14 -8.65481e-15 
38000 1.07103e-14 -2.88855e-14 -6.987e-15 
38100 1.13095e-14 -3.64326e-14 -6.76002e-15 
38200 1.10726e-14 -3.14316e-14 -9.10876e-15 
38300 1.11565e-14 -3.4639e-14 -8.03925e-15 
38400 1.19633e-14 -3.1333e-14 -7.82831e-15 
38500 1.16795e-14 -3.12935e-14 -7.71728e-15 
38600 1.13021e-14 -3.02505e-14 -6.41308e-15 
38700 1.29181e-14 -3.47574e-14 -5.55112e-15 
38800 1.12601e-14 -3.37335e-14 -3.07902e-15 
38900 1.69445e-14 -3.531e-14 -1.01746e-14 
39000 1.31845e-14 -3.53594e-14 -8.88672e-15 
39100 1.62685e-14 -3.68347e-14 -9.50351e-15 
39200 1.46648e-14 -3.66916e-14 -1.49263e-14 
39300 1.51385e-14 -3.43232e-14 -1.19115e-14 
39400 1.80004e-14 -3.34942e-14 -8.18851e-15 
39500 1.66336e-14 -3.64178e-14 -1.19361e-14 
39600 1.59181e-14 -3.28823e-14 -1.57405e-14 
39700 1.54494e-14 -3.11948e-14 -8.25266e-15 
39800 1.51656e-14 -3.569e-14 -1.38013e-14 
39900 1.55135e-14 -3.40271e-14 -9.63674e-15 
40000 1.51632e-14 -3.64856e-14 -8.82257e-15 
40100 1.64486e-14 -3.4333e-14 -5.66954e-15 
40200 2.15038e-14 -3.50584e-14 -6.62433e-15 
40300 2.0665e-14 -3.69678e-14 -7.89985e-15 
40400 2.26387e-14 -3.55345e-14 -4.37181e-15 
40500 1.87307e-14 -3.64597e-14 -9.66326e-15 
40600 2.179e-14 -3.51324e-14 -7.39162e-15 
40700 2.32999e-14 -3.5685e-14 -7.91466e-15 
40800 2.40499e-14 -3.10221e-14 -6.11116e-15 
40900 2.39709e-14 -3.77575e-14 -4.1251e-15 
41000 2.62161e-14 -3.50732e-14 -5.61526e-15 
41100 2.48641e-14 -3.42442e-14 4.78629e-16 
41200 2.30236e-14 -3.31716e-14 -1.09838e-14 
41300 2.42571e-14 -3.67903e-14 -8.9137e-15 
41400 2.34084e-14 -3.71851e-14 -1.21187e-14 
41500 2.51503e-14 -3.9065e-14 -2.21736e-15 
41600 2.26967e-14 -3.63216e-14 -1.20052e-14 
41700 1.78919e-14 -3.88923e-14 -9.36041e-15 
41800 2.14742e-14 -3.6662e-14 -8.56599e-15 
41900 2.09215e-14 -3.21521e-14 -5.89158e-15 
42000 1.84346e-14 -3.76242e-14 -1.35398e-14 
42100 2.27867e-14 -3.90305e-14 -1.75465e-14 
42200 2.79184e-14 -3.53495e-14 -1.84741e-14 
42300 2.98132e-14 -3.59021e-14 -1.96645e-14 
42400 2.76125e-14 -3.82904e-14 -1.50398e-14 
42500 2.51256e-14 -3.85914e-14 -1.89577e-14 
42600 2.56388e-14 -3.57553e-14 -1.51188e-14 
42700 2.60616e-14 -3.70469e-14 -1.40924e-14 
42800 2.41585e-14 -4.07773e-14 -1.64905e-14 
42900 2.36058e-14 -3.65436e-14 -1.48721e-14 
43000 2.45187e-14 -3.7264e-14 -1.58762e-14 
43100 2.62999e-14 -3.63265e-14 -1.54e-14 
43200 2.64282e-14 -3.65831e-14 -1.41529e-14 
43300 2.70006e-14 -3.8991e-14 -1.38161e-14 
43400 2.7119e-14 -3.73602e-14 -1.81386e-14 
43500 2.61569e-14 -3.3361e-14 -1.73343e-14 
43600 2.42078e-14 -3.36916e-14 -8.26006e-15 
43700 2.18862e-14 -3.531e-14 -1.45069e-14 
43800 2.12478e-14 -3.68791e-14 -1.42306e-14 
43900 2.423e-14 -3.92871e-14 -2.18788e-14 
44000 1.95893e-14 -3.70198e-14 -1.24123e-14 
44100 2.39216e-14 -3.81325e-14 -1.67964e-14 
44200 2.41486e-14 -3.88381e-14 -1.98422e-14 
44300 2.37637e-14 -3.68298e-14 -1.77636e-14 
44400 2.76174e-14 -3.93808e-14 -1.92809e-14 
44500 2.43435e-14 -3.5912e-14 -1.5099e-14 
44600 2.83773e-14 -3.7718e-14 -2.4045e-14 
44700 2.5392e-14 -3.78808e-14 -2.33887e-14 
44800 2.34676e-14 -4.06884e-14 -2.3142e-14 
44900 2.34923e-14 -3.87887e-14 -2.1484e-14 
45000 2.15581e-14 -3.73726e-14 -2.1109e-14 
45100 2.25005e-14 -3.71653e-14 -2.59447e-14 
45200 2.28953e-14 -3.91489e-14 -2.28632e-14 
45300 2.26584e-14 -3.67311e-14 -2.0961e-14 
45400 2.10202e-14 -3.80732e-14 -2.52588e-14 
45500 2.10301e-14 -3.68199e-14 -2.72769e-14 
45600 2.11979e-14 -3.62969e-14 -2.76668e-14 
45700 2.0808e-14 -3.55765e-14 -2.43953e-14 
45800 2.01222e-14 -3.74836e-14 -2.4119e-14 
45900 1.92439e-14 -3.77575e-14 -2.11534e-14 
46000 1.83261e-14 -3.68495e-14 -2.50072e-14 
46100 1.41418e-14 -3.58232e-14 -2.59151e-14 
46200 2.23648e-14 -3.45896e-14 -2.30828e-14 
46300 1.58491e-14 -3.81423e-14 -2.64801e-14 
46400 1.51484e-14 -4.00519e-14 -2.87276e-14 
46500 1.62142e-14 -3.87967e-14 -2.62506e-14 
46600 1.7618e-14 -3.98891e-14 -2.57868e-14 
46700 1.50028e-14 -3.94253e-14 -2.11781e-14 
46800 1.42701e-14 -3.96128e-14 -2.06156e-14 
46900 1.63721e-14 -4.3501e-14 -1.96398e-14 
47000 1.62142e-14 -4.23661e-14 -2.24808e-14 
47100 1.75761e-14 -4.42375e-14 -2.68723e-14 
47200 1.77734e-14 -4.17845e-14 -2.67317e-14 
47300 1.67372e-14 -4.28694e-14 -2.19627e-14 
47400 1.37668e-14 -4.21293e-14 -2.17998e-14 
47500 1.19115e-14 -4.21737e-14 -2.45754e-14 
47600 1.13341e-14 -4.4404e-14 -2.44742e-14 
47700 1.26121e-14 -4.66688e-14 -2.44545e-14 
47800 1.2168e-14 -4.33431e-14 -2.32308e-14 
47900 1.25258e-14 -4.0343e-14 -2.12817e-14 
48000 1.29378e-14 -4.43201e-14 -2.07858e-14 
48100 9.51214e-15 -4.2751e-14 -2.45606e-14 
48200 1.41924e-14 -4.15766e-14 -2.54809e-14 
48300 1.51188e-14 -4.03233e-14 -2.27818e-14 
48400 1.29773e-14 -4.05601e-14 -3.30698e-14 
48500 1.4803e-14 -4.17518e-14 -2.63536e-14 
48600 1.49115e-14 -3.9366e-14 -2.37834e-14 
48700 1.84544e-14 -4.27115e-14 -1.98162e-14 
48800 1.75267e-14 -4.07378e-14 -2.18689e-14 
48900 2.05145e-14 -4.61349e-14 -2.16716e-14 
49000 1.86221e-14 -4.67231e-14 -2.3665e-14 
49100 1.8492e-14 -4.77445e-14 -2.64653e-14 
49200 1.69457e-14 -4.80603e-14 -1.77833e-14 
49300 1.56986e-14 -4.7784e-14 -3.03017e-14 
49400 1.65991e-14 -4.90065e-14 -2.42571e-14 
49500 1.2395e-14 -3.8064e-14 -2.38476e-14 
49600 1.47438e-14 -4.75681e-14 -2.47999e-14 
49700 1.51829e-14 -4.66022e-14 -1.86665e-14 
49800 1.30019e-14 -4.59583e-14 -2.23426e-14 
49900 1.4053e-14 -4.8988e-14 -2.48493e-14 
50000 1.19164e-14 -4.83268e-14 -2.26387e-14 
50100 1.34806e-14 -4.76927e-14 -2.41683e-14 
50200 1.37737e-14 -4.63136e-14 -2.29791e-14 
50300 1.52273e-14 -4.86228e-14 -2.6971e-14 
50400 1.22421e-14 -4.5307e-14 -1.87739e-14 
50500 1.05496e-14 -4.54057e-14 -2.85081e-14 
50600 1.45563e-14 -4.53464e-14 -2.81371e-14 
50700 1.58737e-14 -4.52132e-14 -2.64085e-14 
50800 1.25653e-14 -4.45323e-14 -2.78888e-14 
50900 1.41516e-14 -4.49024e-14 -2.86536e-14 
51000 1.43302e-14 -4.60224e-14 -2.24216e-14 
51100 1.13095e-14 -4.46458e-14 -2.1785e-14 
51200 1.28021e-14 -4.58004e-14 -2.13636e-14 
51300 1.15068e-14 -4.89288e-14 -2.81553e-14 
51400 1.17536e-14 -4.56129e-14 -2.54704e-14 
51500 1.21582e-14 -4.48037e-14 -2.36453e-14 
51600 1.07189e-14 -4.41523e-14 -2.0665e-14 
51700 1.3076e-14 -4.36194e-14 -1.73491e-14 
51800 1.42997e-14 -4.61951e-14 -1.88763e-14 
51900 1.49017e-14 -4.46877e-14 -2.19577e-14 
52000 7.46563e-15 -4.26326e-14 -1.6451e-14 
52100 1.0446e-14 -4.26523e-14 -1.45563e-14 
52200 8.74362e-15 -4.36392e-14 -1.88294e-14 
52300 8.21072e-15 -4.60076e-14 -2.32801e-14 
52400 7.54705e-15 -4.74287e-14 -1.65596e-14 
52500 7.07582e-15 -4.69402e-14 -1.45328e-14 
52600 7.41136e-15 -4.55241e-14 -1.76279e-14 
52700 3.63166e-15 -4.43324e-14 -2.02788e-14 
52800 6.00014e-15 -4.42905e-14 -2.09684e-14 
52900 4.46063e-15 -4.42905e-14 -1.59773e-14 
53000 4.63827e-15 -4.43645e-14 -2.41979e-14 
53100 3.74515e-15 -4.67527e-14 -2.27374e-14 
53200 7.50017e-16 -4.42609e-14 -2.23031e-14 
53300 4.07575e-15 -4.34418e-14 -2.38624e-14 
53400 4.44089e-15 -4.45866e-14 -2.49578e-14 
53500 4.50997e-15 -4.36786e-14 -2.84809e-14 
53600 6.25179e-15 -4.24155e-14 -2.85401e-14 
53700 5.57332e-15 -4.05262e-14 -2.61717e-14 
53800 4.58399e-15 -4.54797e-14 -1.77932e-14 
53900 2.60532e-15 -4.42214e-14 -2.36848e-14 
54000 1.92439e-16 -4.25289e-14 -1.69839e-14 
54100 2.35367e-15 -4.24401e-14 -2.57917e-14 
54200 2.09339e-15 -4.20738e-14 -1.30118e-14 
54300 7.52484e-16 -4.43596e-14 -2.08821e-14 
54400 1.4803e-15 -4.10042e-14 -1.08814e-14 
54500 2.42522e-15 -4.2001e-14 -1.86073e-14 
54600 3.73035e-15 -3.84877e-14 -1.65769e-14 
54700 6.37515e-15 -3.63314e-14 -1.9456e-14 
54800 3.63166e-15 -3.74935e-14 -1.7808e-14 
54900 4.61853e-15 -3.64351e-14 -1.68853e-14 
55000 5.03548e-15 -3.51028e-14 -1.77241e-14 
55100 5.99659e-15 -3.26406e-14 -1.52027e-14 
55200 6.36528e-15 -3.55629e-14 -1.64214e-14 
55300 9.41222e-15 -3.49548e-14 -1.37076e-14 
55400 1.20003e-14 -3.46809e-14 -1.72701e-14 
55500 1.01104e-14 -3.57739e-14 -1.90268e-14 
55600 1.05965e-14 -3.29317e-14 -2.12571e-14 
55700 1.15266e-14 -3.53002e-14 -2.23624e-14 
55800 1.12305e-14 -3.22723e-14 -1.71122e-14 
55900 1.2168e-14 -3.23741e-14 -2.33887e-14 
56000 5.69421e-15 -3.58824e-14 -2.40598e-14 
56100 7.80117e-15 -3.63068e-14 -1.82027e-14 
56200 1.17684e-14 -4.1172e-14 -1.8711e-14 
56300 8.82257e-15 -3.53002e-14 -2.44249e-14 
56400 7.58652e-15 -3.63956e-14 -1.80103e-14 
56500 8.64e-15 -3.79203e-14 -1.38753e-14 
56600 8.98541e-15 -3.93614e-14 -2.36305e-14 
56700 1.05792e-14 -3.53002e-14 -1.84346e-14 
56800 8.82257e-15 -3.76193e-14 -2.30778e-14 
56900 9.01008e-15 -3.79628e-14 -2.52835e-14 
57000 1.06976e-14 -3.90404e-14 -2.96356e-14 
57100 9.95747e-15 -3.81621e-14 -2.31321e-14 
57200 8.24526e-15 -3.90157e-14 -2.27966e-14 
57300 8.43276e-15 -3.81571e-14 -1.96707e-14 
57400 9.2864e-15 -3.89516e-14 -2.25203e-14 
57500 7.325e-15 -4.12164e-14 -2.63542e-14 
57600 8.83738e-15 -3.69902e-14 -2.55894e-14 
57700 8.26993e-15 -3.83298e-14 -2.39216e-14 
57800 5.68434e-15 -3.97707e-14 -2.17258e-14 
57900 9.04462e-15 -3.9218e-14 -2.50318e-14 
58000 7.98374e-15 -3.49893e-14 -2.46716e-14 
58100 7.23372e-15 -3.66522e-14 -3.0356e-14 
58200 8.66344e-15 -3.57541e-14 -2.61618e-14 
58300 7.68768e-15 -3.75403e-14 -2.74743e-14 
58400 6.83897e-15 -3.90404e-14 -2.77506e-14 
58500 9.4739e-15 -3.81522e-14 -3.30501e-14 
58600 7.62353e-15 -3.8014e-14 -2.77112e-14 
58700 6.94013e-15 -3.62426e-14 -2.30236e-14 
58800 1.2474e-14 -3.72245e-14 -2.54414e-14 
58900 1.08234e-14 -3.74811e-14 -2.59545e-14 
59000 9.39742e-15 -3.52261e-14 -3.36348e-14 
59100 7.69755e-15 -3.62179e-14 -3.00599e-14 
59200 6.83897e-15 -3.69384e-14 -2.82937e-14 
59300 6.38995e-15 -3.6889e-14 -2.65269e-14 
59400 5.70408e-15 -3.73528e-14 -2.61248e-14 
59500 7.29293e-15 -3.61587e-14 -2.90434e-14 
59600 7.57141e-15 -3.65831e-14 -2.35959e-14 
59700 4.44089e-15 -3.60261e-14 -2.30137e-14 
59800 7.78636e-15 -3.49128e-14 -2.50022e-14 
59900 7.88505e-15 -3.36028e-14 -2.65171e-14 
60000 5.69421e-15 -3.35633e-14 -2.6675e-14 
60100 9.53805e-15 -2.77852e-14 -2.89349e-14 
60200 7.02524e-15 -3.3625e-14 -2.83132e-14 
60300 4.90595e-15 -3.23519e-14 -2.64282e-14 
60400 8.47717e-15 -3.24629e-14 -2.88461e-14 
60500 1.11516e-14 -3.00895e-14 -2.82726e-14 
60600 9.21732e-15 -3.22458e-14 -3.12047e-14 
60700 8.92126e-15 -2.87178e-14 -3.09481e-14 
60800 1.19312e-14 -2.72375e-14 -3.13613e-14 
60900 9.65154e-15 -2.34479e-14 -2.70561e-14 
61000 8.86266e-15 -2.58904e-14 -2.70697e-14 
61100 1.08901e-14 -2.58411e-14 -3.52755e-14 
61200 1.2395e-14 -2.22538e-14 -2.93888e-14 
61300 1.36878e-14 -2.30532e-14 -3.49054e-14 
61400 1.08284e-14 -2.52835e-14 -3.16192e-14 
61500 9.96734e-15 -2.39413e-14 -3.02992e-14 
61600 1.27108e-14 -2.40203e-14 -3.91613e-14 
61700 9.61391e-15 -2.59249e-14 -2.88461e-14 
61800 1.20052e-14 -2.57078e-14 -4.33431e-14 
61900 1.11664e-14 -2.55697e-14 -2.83724e-14 
62000 1.34534e-14 -2.74299e-14 -2.96356e-14 
62100 1.16327e-14 -2.43386e-14 -3.22655e-14 
62200 1.21384e-14 -2.76976e-14 -3.01783e-14 
62300 9.77983e-15 -2.88806e-14 -3.22557e-14 
62400 1.35275e-14 -2.72967e-14 -2.9902e-14 
62500 1.24098e-14 -2.80862e-14 -2.93099e-14 
62600 1.05397e-14 -2.60335e-14 -3.04547e-14 
62700 1.25628e-14 -3.13582e-14 -2.9107e-14 
62800 9.84891e-15 -3.08395e-14 -3.29218e-14 
62900 1.35842e-14 -2.58361e-14 -3.12737e-14 
63000 1.2432e-14 -2.83822e-14 -2.96454e-14 
63100 1.40036e-14 -2.81454e-14 -2.85204e-14 
63200 1.56184e-14 -2.81947e-14 -2.89818e-14 
63300 1.24838e-14 -2.89694e-14 -2.64578e-14 
63400 1.4122e-14 -2.92408e-14 -3.35485e-14 
63500 1.38753e-14 -3.17968e-14 -3.06866e-14 
63600 1.14674e-14 -3.27935e-14 -3.10764e-14 
63700 1.22371e-14 -3.04275e-14 -3.41159e-14 
63800 1.31944e-14 -3.00994e-14 -2.96109e-14 
63900 1.67715e-14 -3.12836e-14 -3.72147e-14 
64000 1.66583e-14 -3.31981e-14 -2.87424e-14 
64100 1.77734e-14 -3.03264e-14 -3.50633e-14 
64200 1.71418e-14 -2.86098e-14 -3.44367e-14 
64300 1.6979e-14 -2.7726e-14 -3.60403e-14 
64400 2.02702e-14 -3.09271e-14 -3.43725e-14 
64500 1.85136e-14 -2.82342e-14 -3.70272e-14 
64600 1.44576e-14 -2.74743e-14 -3.52113e-14 
64700 1.49214e-14 -2.48789e-14 -3.4412e-14 
64800 1.33424e-14 -2.74645e-14 -3.38889e-14 
64900 1.32043e-14 -2.55869e-14 -3.59688e-14 
65000 1.09394e-14 -2.48172e-14 -3.70074e-14 
65100 1.03423e-14 -2.50664e-14 -3.24382e-14 
65200 8.19838e-15 -2.52391e-14 -3.58577e-14 
65300 1.33868e-14 -2.29101e-14 -3.42664e-14 
65400 1.68014e-14 -2.43164e-14 -3.26554e-14 
65500 1.31746e-14 -2.11683e-14 -2.94283e-14 
65600 1.17659e-14 -2.33468e-14 -3.04053e-14 
65700 1.25924e-14 -2.39312e-14 -3.68693e-14 
65800 7.18931e-15 -2.53328e-14 -3.77969e-14 
65900 8.47224e-15 -2.18295e-14 -3.6403e-14 
66000 9.59233e-15 -2.15137e-14 -4.90925e-14 
66100 5.34881e-15 -2.04182e-14 -3.98348e-14 
66200 9.65154e-15 -2.33591e-14 -3.37113e-14 
66300 7.60873e-15 -2.3707e-14 -3.5236e-14 
66400 3.13175e-15 -2.12114e-14 -3.29613e-14 
66500 3.27886e-15 -2.47407e-14 -3.28873e-14 
66600 3.04078e-15 -2.59792e-14 -3.2606e-14 
66700 2.61026e-15 -2.25893e-14 -3.13527e-14 
66800 4.88005e-15 -2.46519e-14 -3.07211e-14 
66900 4.27806e-15 -2.36157e-14 -2.71881e-14 
67000 1.65793e-15 -2.55746e-14 -3.2833e-14 
67100 2.90878e-15 -2.33788e-14 -3.10677e-14 
67200 3.37508e-15 -2.1716e-14 -3.13811e-14 
67300 1.82431e-15 -2.11189e-14 -3.12145e-14 
67400 1.52964e-16 -2.18689e-14 -3.23149e-14 
67500 1.48955e-16 -2.20219e-14 -3.09974e-14 
67600 1.83557e-15 -2.3063e-14 -3.14958e-14 
67700 -6.21725e-16 -2.25301e-14 -3.19942e-14 
67800 7.50017e-16 -2.28361e-14 -3.4148e-14 
67900 -9.86865e-16 -2.15433e-14 -2.73115e-14 
68000 1.28292e-16 -2.23179e-14 -2.6073e-14 
68100 -4.34221e-16 -2.53131e-14 -2.64825e-14 
68200 2.22045e-16 -2.1563e-14 -3.07236e-14 
68300 -1.72701e-16 -2.08969e-14 -3.49844e-14 
68400 2.96059e-16 -2.55487e-14 -3.40024e-14 
68500 4.04615e-15 -2.29742e-14 -2.5965e-14 
68600 7.10543e-16 -2.21304e-14 -3.04954e-14 
68700 1.08555e-16 -2.25203e-14 -3.37261e-14 
68800 -2.33394e-15 -2.52335e-14 -3.65781e-14 
68900 -1.0066e-15 -2.59237e-14 -3.16685e-14 
69000 -2.11559e-15 -2.59434e-14 -3.24321e-14 
69100 -2.88905e-15 -2.30285e-14 -2.49381e-14 
69200 -6.12843e-15 -2.33887e-14 -2.75163e-14 
69300 -2.87424e-15 -2.5829e-14 -3.24234e-14 
69400 -6.72055e-15 -2.19972e-14 -3.54827e-14 
69500 -1.24345e-15 -2.42275e-14 -2.97737e-14 
69600 -1.11516e-15 -2.78493e-14 -3.12688e-14 
69700 1.44082e-15 -2.64875e-14 -3.28577e-14 
69800 -2.61519e-15 -2.5619e-14 -3.46291e-14 
69900 -3.89812e-15 -2.54611e-14 -3.86358e-14 
70000 -3.41455e-15 -2.77309e-14 -3.20435e-14 
70100 -7.08569e-15 -2.92531e-14 -3.13527e-14 
70200 -2.24018e-15 -2.92704e-14 -3.22063e-14 
70300 -1.87504e-15 -2.84217e-14 -3.11652e-14 
70400 -3.55271e-15 -3.00007e-14 -3.23396e-14 
70500 -4.93432e-16 -2.75237e-14 -3.03954e-14 
70600 1.36187e-15 -2.66157e-14 -2.57966e-14 
70700 1.50003e-15 -3.14711e-14 -2.9379e-14 
70800 -5.37841e-16 -2.97046e-14 -2.38969e-14 
70900 1.36187e-15 -3.11405e-14 -3.1027e-14 
71000 -2.1711e-15 -3.66324e-14 -2.82916e-14 
71100 -1.97373e-16 -2.79826e-14 -2.49924e-14 
71200 4.10536e-15 -3.26473e-14 -2.34837e-14 
71300 4.98367e-16 -3.13564e-14 -3.43824e-14 
71400 4.09549e-15 -3.40345e-14 -3.2041e-14 
71500 2.96059e-15 -3.23593e-14 -3.21076e-14 
71600 5.50671e-15 -3.30698e-14 -3.18967e-14 
71700 2.75335e-15 -3.2986e-14 -3.38051e-14 
71800 -1.28292e-15 -3.07458e-14 -3.45896e-14 
71900 -9.27653e-16 -3.16586e-14 -3.24284e-14 
72000 -1.05595e-15 -3.13083e-14 -3.04411e-14 
72100 1.45563e-15 -3.4333e-14 -3.52459e-14 
72200 5.1317e-16 -3.35139e-14 -3.31389e-14 
72300 1.43589e-15 -3.54285e-14 -3.17573e-14 
72400 -2.65405e-15 -3.53347e-14 -3.16488e-14 
72500 -2.22785e-15 -3.49982e-14 -2.99711e-14 
72600 -2.52637e-15 -3.49955e-14 -2.92902e-14 
72700 -5.08976e-15 -3.57837e-14 -2.61075e-14 
72800 -5.8225e-15 -3.5685e-14 -3.09086e-14 
72900 -2.86684e-15 -3.34843e-14 -3.5838e-14 
73000 -5.00834e-15 -2.9638e-14 -3.14711e-14 
73100 -6.01864e-15 -2.82984e-14 -2.85007e-14 
73200 -2.55598e-15 -3.47944e-14 -3.40259e-14 
73300 -7.44096e-15 -2.71881e-14 -3.23297e-14 
73400 -9.25186e-15 -2.85118e-14 -3.10764e-14 
73500 -5.53138e-15 -2.82885e-14 -2.4119e-14 
73600 -8.44756e-15 -2.58768e-14 -3.31537e-14 
73700 -7.65684e-15 -2.63098e-14 -3.15723e-14 
73800 -1.01055e-14 -2.67046e-14 -3.34202e-14 
73900 -1.18226e-14 -2.82539e-14 -3.32919e-14 
74000 -1.35497e-14 -2.81479e-14 -3.47771e-14 
74100 -9.41469e-15 -2.89053e-14 -3.07902e-14 
74200 -1.09542e-14 -2.39068e-14 -3.25665e-14 
74300 -1.10874e-14 -2.95171e-14 -3.03954e-14 
74400 -6.54785e-15 -2.66811e-14 -3.42639e-14 
74500 -8.98664e-15 -2.85549e-14 -3.12071e-14 
74600 -6.67121e-15 -3.32879e-14 -3.31611e-14 
74700 -7.7765e-15 -3.31537e-14 -3.38495e-14 
74800 -9.20498e-15 -3.24777e-14 -3.14218e-14 
74900 -9.37028e-15 -3.03757e-14 -3.212e-14 
75000 -7.92453e-15 -2.88757e-14 -3.80535e-14 
75100 -1.15957e-14 -2.94191e-14 -3.70417e-14 
75200 -1.50892e-14 -3.15945e-14 -3.36065e-14 
75300 -1.26861e-14 -2.91791e-14 -3.52459e-14 
75400 -1.42482e-14 -2.91421e-14 -3.58281e-14 
75500 -1.35225e-14 -2.59743e-14 -2.90829e-14 
75600 -1.19213e-14 -2.4346e-14 -3.41258e-14 
75700 -1.4428e-14 -2.6169e-14 -4.17444e-14 
75800 -1.32931e-14 -2.78691e-14 -4.03751e-14 
75900 -1.3747e-14 -2.0512e-14 -3.55666e-14 
76000 -1.15661e-14 -2.47111e-14 -3.62624e-14 
76100 -1.25529e-14 -2.4568e-14 -3.64153e-14 
76200 -1.40776e-14 -2.60434e-14 -3.64597e-14 
76300 -1.62043e-14 -2.96356e-14 -3.4069e-14 
76400 -1.73898e-14 -2.4119e-14 -2.86586e-14 
76500 -1.76957e-14 -2.84414e-14 -3.30106e-14 
76600 -1.69272e-14 -2.7721e-14 -3.57442e-14 
76700 -1.16894e-14 -2.59015e-14 -3.50954e-14 
76800 -1.02856e-14 -2.44742e-14 -3.34251e-14 
76900 -1.48141e-14 -2.56881e-14 -3.0657e-14 
77000 -1.2337e-14 -2.50664e-14 -3.06224e-14 
77100 -1.47536e-14 -2.57424e-14 -3.09037e-14 
77200 -1.38951e-14 -2.47259e-14 -2.97638e-14 
77300 -1.32536e-14 -2.48533e-14 -3.17684e-14 
77400 -1.21286e-14 -2.58065e-14 -3.14057e-14 
77500 -1.28225e-14 -2.30532e-14 -3.0356e-14 
77600 -1.58293e-14 -2.18887e-14 -3.27146e-14 
77700 -1.26417e-14 -2.44409e-14 -2.78173e-14 
77800 -1.4349e-14 -2.11929e-14 -3.73035e-14 
77900 -1.42525e-14 -2.11979e-14 -4.29952e-14 
78000 -1.44378e-14 -2.23969e-14 -2.99415e-14 
78100 -1.39099e-14 -2.00876e-14 -3.27837e-14 
78200 -1.23259e-14 -2.23229e-14 -3.06224e-14 
78300 -1.79116e-14 -2.11189e-14 -3.35978e-14 
78400 -1.41911e-14 -2.09215e-14 -3.31432e-14 
78500 -1.1719e-14 -2.33097e-14 -3.15624e-14 
78600 -1.81583e-14 -2.4716e-14 -3.83705e-14 
78700 -1.578e-14 -2.16987e-14 -4.20404e-14 
78800 -1.31056e-14 -2.37144e-14 -3.69285e-14 
78900 -1.32265e-14 -2.36749e-14 -3.59342e-14 
79000 -1.67076e-14 -2.04697e-14 -3.63832e-14 
79100 -1.44576e-14 -2.08919e-14 -3.78364e-14 
79200 -1.12996e-14 -2.47456e-14 -3.91588e-14 
79300 -1.66681e-14 -2.104e-14 -3.75638e-14 
79400 -9.58246e-15 -2.23525e-14 -3.77673e-14 
79500 -1.33276e-14 -2.19528e-14 -3.88677e-14 
79600 -1.40826e-14 -2.4045e-14 -3.66645e-14 
79700 -1.46845e-14 -2.22415e-14 -3.53964e-14 
79800 -1.20126e-14 -2.53279e-14 -3.22014e-14 
79900 -1.22667e-14 -2.40104e-14 -3.87246e-14 
80000 -1.46722e-14 -2.42177e-14 -4.01777e-14 
80100 -1.35497e-14 -2.45285e-14 -3.46291e-14 
80200 -1.37618e-14 -2.65121e-14 -4.09746e-14 
80300 -1.30332e-14 -2.69562e-14 -3.28626e-14 
80400 -1.31746e-14 -3.02597e-14 -3.44761e-14 
80500 -1.47832e-14 -2.66651e-14 -3.48166e-14 
80600 -1.27503e-14 -2.68033e-14 -3.54988e-14 
80700 -1.32462e-14 -2.77901e-14 -3.59416e-14 
80800 -1.24986e-14 -2.82046e-14 -4.10536e-14 
80900 -1.19065e-14 -3.11726e-14 -3.68002e-14 
81000 -1.42627e-14 -2.81987e-14 -3.90305e-14 
81100 -1.6678e-14 -2.75138e-14 -3.6403e-14 
81200 -1.43984e-14 -3.11159e-14 -3.6398e-14 
81300 -1.34337e-14 -2.76717e-14 -3.74269e-14 
81400 -1.03362e-14 -3.06471e-14 -4.06588e-14 
81500 -1.16055e-14 -2.76816e-14 -3.8093e-14 
81600 -1.27207e-14 -2.71388e-14 -3.72542e-14 
81700 -1.20101e-14 -2.53501e-14 -3.83101e-14 
81800 -6.74522e-15 -2.59853e-14 -3.70666e-14 
81900 -7.53595e-15 -2.51108e-14 -3.77969e-14 
82000 -6.74275e-15 -2.51185e-14 -3.93562e-14 
82100 -7.48044e-15 -2.8027e-14 -3.89812e-14 
82200 -7.3028e-15 -2.77654e-14 -3.8843e-14 
82300 -6.94259e-15 -2.32703e-14 -4.28201e-14 
82400 -5.94093e-15 -2.48197e-14 -4.46655e-14 
82500 -8.1219e-15 -2.67835e-14 -5.3683e-14 
82600 -1.01499e-14 -2.60335e-14 -4.16161e-14 
82700 -8.85711e-15 -2.5619e-14 -3.75305e-14 
82800 -9.09396e-15 -2.58756e-14 -3.66997e-14 
82900 -4.58892e-15 -2.55203e-14 -3.12244e-14 
83000 -8.82257e-15 -3.00895e-14 -4.04072e-14 
83100 -5.38335e-15 -2.6374e-14 -3.8843e-14 
83200 -3.94746e-16 -2.71684e-14 -3.70568e-14 
83300 -6.48864e-16 -2.9448e-14 -3.64449e-14 
83400 -1.87504e-16 -2.98921e-14 -4.20158e-14 
83500 -3.08395e-15 -3.09431e-14 -3.82805e-14 
83600 -7.02648e-15 -3.42738e-14 -3.89886e-14 
83700 -6.00014e-15 -3.22804e-14 -3.69877e-14 
83800 -6.56265e-15 -3.00599e-14 -3.31883e-14 
83900 -8.19098e-15 -3.08099e-14 -3.34547e-14 
84000 -1.05348e-14 -2.81849e-14 -3.46291e-14 
84100 -9.51091e-15 -3.2083e-14 -3.44885e-14 
84200 -1.52865e-14 -3.19177e-14 -3.16438e-14 
84300 -1.29477e-14 -3.59219e-14 -2.88165e-14 
84400 -1.77241e-14 -3.39383e-14 -3.50337e-14 
84500 -2.05613e-14 -3.44416e-14 -3.18856e-14 
84600 -1.91156e-14 -3.45736e-14 -3.40271e-14 
84700 -2.06501e-14 -3.11405e-14 -2.91619e-14 
84800 -2.25992e-14 -3.77969e-14 -3.46661e-14 
84900 -1.98064e-14 -3.89614e-14 -3.45563e-14 
85000 -1.84667e-14 -3.77772e-14 -3.30501e-14 
85100 -2.53822e-14 -3.37113e-14 -3.25863e-14 
85200 -1.96238e-14 -3.38939e-14 -3.14267e-14 
85300 -2.01777e-14 -3.34547e-14 -3.8917e-14 
85400 -2.05663e-14 -3.24864e-14 -3.98299e-14 
85500 -1.7132e-14 -3.31389e-14 -3.55074e-14 
85600 -1.803e-14 -3.1803e-14 -4.27905e-14 
85700 -1.96707e-14 -3.01487e-14 -4.12115e-14 
85800 -1.88393e-14 -3.0356e-14 -4.08759e-14 
85900 -1.97669e-14 -3.11035e-14 -4.2297e-14 
86000 -1.85383e-14 -3.1333e-14 -3.76588e-14 
86100 -2.15038e-14 -3.15402e-14 -3.11356e-14 
86200 -2.10005e-14 -3.2231e-14 -3.85321e-14 
86300 -2.1143e-14 -3.44712e-14 -3.7264e-14 
86400 -1.83508e-14 -3.38519e-14 -3.94795e-14 
86500 -2.00482e-14 -3.37534e-14 -3.963e-14 
86600 -1.67027e-14 -3.17622e-14 -3.86503e-14 
86700 -1.73614e-14 -3.18955e-14 -3.80042e-14 
86800 -1.84346e-14 -2.9379e-14 -3.52681e-14 
86900 -2.04133e-14 -3.26418e-14 -3.57442e-14 
87000 -1.74922e-14 -3.13428e-14 -3.51472e-14 
87100 -1.40727e-14 -2.7346e-14 -3.37113e-14 
87200 -1.57208e-14 -2.34775e-14 -3.26554e-14 
87300 -1.49313e-14 -2.43756e-14 -3.82253e-14 
87400 -1.28144e-14 -2.67835e-14 -3.68693e-14 
87500 -1.49214e-14 -2.52144e-14 -3.30032e-14 
87600 -1.78524e-14 -2.48024e-14 -3.19152e-14 
87700 -1.3372e-14 -2.85895e-14 -3.81534e-14 
87800 -1.04201e-14 -2.74546e-14 -4.10388e-14 
87900 -1.32437e-14 -2.44545e-14 -3.85963e-14 
88000 -1.47006e-14 -2.8698e-14 -3.65535e-14 
88100 -1.41615e-14 -2.76421e-14 -4.12756e-14 
88200 -1.78524e-14 -2.86215e-14 -3.30008e-14 
88300 -2.03985e-14 -2.72239e-14 -4.20676e-14 
88400 -1.15519e-14 -2.742e-14 -4.00692e-14 
88500 -1.56714e-14 -2.54512e-14 -4.3728e-14 
88600 -1.60267e-14 -2.71857e-14 -4.06625e-14 
88700 -1.53951e-14 -2.70401e-14 -4.06058e-14 
88800 -1.82718e-14 -2.87967e-14 -3.85371e-14 
88900 -2.13878e-14 -2.92605e-14 -3.83545e-14 
89000 -2.09277e-14 -3.01043e-14 -3.98015e-14 
89100 -1.89725e-14 -2.93099e-14 -3.76785e-14 
89200 -1.92019e-14 -2.93099e-14 -4.0343e-14 
89300 -2.3063e-14 -2.77013e-14 -3.90354e-14 
89400 -2.25499e-14 -2.81553e-14 -4.16704e-14 
89500 -2.03689e-14 -3.05287e-14 -3.88529e-14 
89600 -2.26109e-14 -2.77506e-14 -3.8315e-14 
89700 -1.93031e-14 -2.89447e-14 -3.8954e-14 
89800 -1.97768e-14 -3.07384e-14 -4.03578e-14 
89900 -1.99248e-14 -3.15007e-14 -3.47673e-14 
90000 -1.81414e-14 -2.92704e-14 -3.68341e-14 
90100 -2.10807e-14 -2.95541e-14 -3.61174e-14 
90200 -1.55826e-14 -3.40074e-14 -3.81127e-14 
90300 -1.88294e-14 -3.65017e-14 -3.68816e-14 
90400 -1.99544e-14 -3.76982e-14 -3.75946e-14 
90500 -1.90712e-14 -3.74318e-14 -3.29218e-14 
90600 -2.04429e-14 -3.75832e-14 -3.39778e-14 
90700 -2.26485e-14 -3.60526e-14 -3.39778e-14 
90800 -1.96485e-14 -3.32376e-14 -3.96424e-14 
90900 -1.99001e-14 -3.37113e-14 -4.29237e-14 
91000 -1.85592e-14 -3.306e-14 -3.95751e-14 
91100 -2.26276e-14 -3.44021e-14 -4.18431e-14 
91200 -1.80004e-14 -3.41054e-14 -4.38809e-14 
91300 -2.09117e-14 -3.24836e-14 -4.07279e-14 
91400 -2.20762e-14 -3.07112e-14 -3.90157e-14 
91500 -1.98755e-14 -3.31747e-14 -4.1052e-14 
91600 -2.04725e-14 -3.06915e-14 -4.21589e-14 
91700 -1.98557e-14 -3.43528e-14 -4.26844e-14 
91800 -1.90465e-14 -3.53692e-14 -4.2297e-14 
91900 -2.29101e-14 -3.24876e-14 -4.00865e-14 
92000 -2.11609e-14 -3.24037e-14 -4.55734e-14 
92100 -1.86567e-14 -3.42146e-14 -4.15569e-14 
92200 -1.55185e-14 -3.33018e-14 -4.2265e-14 
92300 -1.78074e-14 -3.24876e-14 -3.96769e-14 
92400 -1.79313e-14 -3.4639e-14 -4.11325e-14 
92500 -1.87504e-14 -3.57146e-14 -4.21589e-14 
92600 -1.87504e-14 -3.40074e-14 -3.96621e-14 
92700 -1.55234e-14 -3.38396e-14 -4.71228e-14 
92800 -1.58589e-14 -3.22557e-14 -4.42313e-14 
92900 -1.63548e-14 -3.39284e-14 -4.67774e-14 
93000 -1.46303e-14 -3.2606e-14 -4.70439e-14 
93100 -2.15975e-14 -3.49103e-14 -4.74879e-14 
93200 -1.76254e-14 -3.33856e-14 -5.05867e-14 
93300 -1.42602e-14 -3.68791e-14 -4.91194e-14 
93400 -1.71369e-14 -3.85593e-14 -4.44879e-14 
93500 -1.73935e-14 -3.91983e-14 -4.47297e-14 
93600 -1.71714e-14 -3.67015e-14 -4.03159e-14 
93700 -1.75958e-14 -3.75996e-14 -4.54436e-14 
93800 -1.77241e-14 -3.65239e-14 -4.40142e-14 
93900 -1.64214e-14 -3.73775e-14 -4.37909e-14 
94000 -1.87702e-14 -3.78463e-14 -4.13669e-14 
94100 -2.0132e-14 -4.04072e-14 -4.24105e-14 
94200 -1.89182e-14 -3.60699e-14 -4.32543e-14 
94300 -2.30334e-14 -3.61859e-14 -4.13299e-14 
94400 -2.11288e-14 -3.69482e-14 -4.05601e-14 
94500 -1.95362e-14 -3.6139e-14 -4.53316e-14 
94600 -1.67668e-14 -3.8695e-14 -4.63925e-14 
94700 -1.56615e-14 -3.88208e-14 -4.52897e-14 
94800 -1.81632e-14 -4.03233e-14 -4.62741e-14 
94900 -1.77438e-14 -3.92575e-14 -4.7261e-14 
95000 -1.68507e-14 -4.1922e-14 -4.28299e-14 
95100 -1.69272e-14 -4.1172e-14 -4.67478e-14 
95200 -1.3599e-14 -3.97707e-14 -4.55241e-14 
95300 -1.55925e-14 -4.16408e-14 -4.42214e-14 
95400 -1.53655e-14 -4.4705e-14 -5.17191e-14 
95500 -1.6493e-14 -4.5978e-14 -4.64653e-14 
95600 -1.55851e-14 -4.20997e-14 -4.52576e-14 
95700 -1.60711e-14 -4.39081e-14 -5.29354e-14 
95800 -2.08426e-14 -4.58078e-14 -4.75768e-14 
95900 -1.95399e-14 -4.67614e-14 -5.03795e-14 
96000 -2.02702e-14 -4.80356e-14 -4.58497e-14 
96100 -1.96978e-14 -4.91163e-14 -4.49961e-14 
96200 -1.96682e-14 -4.59386e-14 -4.54451e-14 
96300 -2.14989e-14 -4.71425e-14 -4.6205e-14 
96400 -1.91106e-14 -4.58078e-14 -4.65948e-14 
96500 -2.2017e-14 -4.63432e-14 -4.61211e-14 
96600 -2.29446e-14 -4.53739e-14 -4.87265e-14 
96700 -2.23031e-14 -4.51293e-14 -4.60595e-14 
96800 -2.36749e-14 -4.49098e-14 -4.60274e-14 
96900 -2.16123e-14 -4.56129e-14 -4.54057e-14 
97000 -2.5471e-14 -4.23414e-14 -3.79079e-14 
97100 -1.81583e-14 -4.23168e-14 -4.50997e-14 
97200 -2.60138e-14 -4.06095e-14 -4.29977e-14 
97300 -2.40203e-14 -4.2978e-14 -4.85784e-14 
97400 -2.367e-14 -4.31556e-14 -5.28269e-14 
97500 -2.63838e-14 -4.14681e-14 -4.54155e-14 
97600 -3.05903e-14 -4.08414e-14 -4.84995e-14 
97700 -2.77704e-14 -4.64863e-14 -4.68366e-14 
97800 -2.53822e-14 -4.56524e-14 -4.99551e-14 
97900 -2.34084e-14 -4.79962e-14 -4.95257e-14 
98000 -2.35269e-14 -4.6395e-14 -4.9659e-14 
98100 -2.21193e-14 -4.39846e-14 -4.84156e-14 
98200 -2.42769e-14 -4.76064e-14 -4.80603e-14 
98300 -1.9387e-14 -4.43892e-14 -4.96985e-14 
98400 -2.21206e-14 -4.44977e-14 -5.15933e-14 
98500 -1.97466e-14 -4.52478e-14 -5.16969e-14 
98600 -1.92044e-14 -4.29533e-14 -4.63728e-14 
98700 -2.32801e-14 -4.43969e-14 -4.9701e-14 
98800 -1.50793e-14 -4.33135e-14 -4.56672e-14 
98900 -1.8706e-14 -4.71129e-14 -4.77939e-14 
99000 -1.5099e-14 -4.81689e-14 -4.73004e-14 
99100 -1.61969e-14 -4.65504e-14 -4.70661e-14 
99200 -2.00926e-14 -4.81504e-14 -4.56943e-14 
99300 -1.67964e-14 -4.69649e-14 -4.45718e-14 
99400 -1.8109e-14 -5.15538e-14 -4.70537e-14 
99500 -1.71603e-14 -5.31057e-14 -4.49813e-14 
99600 -1.35793e-14 -5.334e-14 -4.15371e-14 
99700 -1.53655e-14 -5.36855e-14 -4.65109e-14 
99800 -1.11269e-14 -5.25604e-14 -4.84945e-14 
99900 -1.46944e-14 -5.22742e-14 -5.07545e-14 
100000 -1.46179e-14 -5.49474e-14 -5.0789e-14 
100100 -1.43293e-14 -5.57825e-14 -5.137e-14 
100200 -1.47419e-14 -5.66263e-14 -5.60046e-14 
100300 -1.19904e-14 -5.05747e-14 -4.58448e-14 
100400 -1.19608e-14 -5.22545e-14 -5.25703e-14 
100500 -1.39987e-14 -5.36016e-14 -4.95604e-14 
100600 -1.73673e-14 -5.58664e-14 -4.84551e-14 
100700 -1.48326e-14 -5.62118e-14 -4.16457e-14 
100800 -1.3747e-14 -5.32167e-14 -4.85241e-14 
100900 -1.578e-14 -5.79647e-14 -4.61261e-14 
101000 -1.66459e-14 -5.42825e-14 -4.46852e-14 
101100 -1.40678e-14 -5.48022e-14 -4.67922e-14 
101200 -1.26282e-14 -5.41542e-14 -4.6659e-14 
101300 -9.18771e-15 -5.15143e-14 -4.32691e-14 
101400 -8.3094e-15 -5.17695e-14 -4.85241e-14 
101500 -6.51331e-15 -5.00242e-14 -4.9664e-14 
101600 -9.77983e-15 -4.99403e-14 -4.69402e-14 
101700 -9.02981e-15 -5.16013e-14 -4.45964e-14 
101800 -8.38342e-15 -5.15103e-14 -4.12312e-14 
101900 -9.08409e-15 -4.74238e-14 -4.51244e-14 
102000 -8.63507e-15 -5.31155e-14 -4.37773e-14 
102100 -1.07568e-14 -5.38508e-14 -4.1927e-14 
102200 -8.06269e-15 -5.29946e-14 -4.5978e-14 
102300 -9.50228e-15 -5.46427e-14 -4.66491e-14 
102400 -8.56599e-15 -5.6646e-14 -3.75996e-14 
102500 -1.1497e-14 -5.79512e-14 -3.98101e-14 
102600 -1.22569e-14 -5.63253e-14 -4.36786e-14 
102700 -1.07371e-14 -5.61477e-14 -3.83594e-14 
102800 -1.04978e-14 -5.59454e-14 -3.34745e-14 
102900 -1.39345e-14 -5.62414e-14 -4.06736e-14 
103000 -1.14476e-14 -5.45194e-14 -3.96177e-14 
103100 -1.20249e-14 -5.41789e-14 -3.99384e-14 
103200 -1.18374e-14 -5.58911e-14 -4.0311e-14 
103300 -1.30957e-14 -5.58467e-14 -3.70148e-14 
103400 -1.15858e-14 -5.79092e-14 -3.8389e-14 
103500 -1.31475e-14 -5.6049e-14 -3.50756e-14 
103600 -1.39173e-14 -5.82398e-14 -3.43133e-14 
103700 -1.23555e-14 -5.50079e-14 -3.50337e-14 
103800 -1.56615e-14 -5.54421e-14 -3.84199e-14 
103900 -1.25357e-14 -5.27751e-14 -3.35731e-14 
104000 -1.352e-14 -5.49388e-14 -3.53692e-14 
104100 -1.28983e-14 -5.54766e-14 -3.84038e-14 
104200 -1.27602e-14 -5.88566e-14 -3.83175e-14 
104300 -1.33918e-14 -5.94332e-14 -3.71209e-14 
104400 -1.25134e-14 -5.81856e-14 -3.5611e-14 
104500 -1.17437e-14 -5.95228e-14 -3.32573e-14 
104600 -1.48227e-14 -5.72875e-14 -2.9448e-14 
104700 -1.27503e-14 -5.84816e-14 -3.25517e-14 
104800 -1.36977e-14 -5.92218e-14 -3.09185e-14 
104900 -1.34189e-14 -5.9804e-14 -4.01999e-14 
105000 -1.07519e-14 -6.18567e-14 -3.34251e-14 
105100 -1.16055e-14 -6.18271e-14 -3.54581e-14 
105200 -1.21258e-14 -5.78895e-14 -3.0652e-14 
105300 -9.52078e-15 -5.90811e-14 -3.58232e-14 
105400 -9.38509e-15 -5.67053e-14 -2.91908e-14 
105500 -1.15118e-14 -5.70359e-14 -3.23889e-14 
105600 -8.48704e-15 -5.60465e-14 -3.2754e-14 
105700 -1.16746e-14 -5.58171e-14 -3.30809e-14 
105800 -1.1043e-14 -6.10943e-14 -3.15303e-14 
105900 -1.04851e-14 -5.65819e-14 -2.94431e-14 
106000 -1.36804e-14 -5.67645e-14 -2.9902e-14 
106100 -1.15698e-14 -5.74849e-14 -3.12047e-14 
106200 -1.01647e-14 -5.9202e-14 -3.04053e-14 
106300 -1.06779e-14 -5.96134e-14 -3.01734e-14 
106400 -1.35891e-14 -6.01383e-14 -3.10418e-14 
106500 -1.2247e-14 -6.02382e-14 -3.04547e-14 
106600 -1.03883e-14 -6.31001e-14 -2.9152e-14 
106700 -1.25566e-14 -6.36232e-14 -3.0578e-14 
106800 -1.41319e-14 -6.3712e-14 -2.73522e-14 
106900 -9.6318e-15 -6.76693e-14 -2.96553e-14 
107000 -1.17437e-14 -6.98799e-14 -3.09826e-14 
107100 -1.39148e-14 -7.3176e-14 -2.63049e-14 
107200 -1.23555e-14 -7.03536e-14 -3.07507e-14 
107300 -1.27848e-14 -7.06398e-14 -2.82095e-14 
107400 -1.3747e-14 -7.01858e-14 -2.95763e-14 
107500 -1.19411e-14 -6.5064e-14 -3.01339e-14 
107600 -1.21977e-14 -6.81332e-14 -2.52736e-14 
107700 -1.13829e-14 -6.80129e-14 -2.96898e-14 
107800 -1.27947e-14 -6.73733e-14 -2.81849e-14 
107900 -1.14674e-14 -6.98108e-14 -2.79431e-14 
108000 -9.08656e-15 -7.04819e-14 -2.77556e-14 
108100 -1.0441e-14 -7.07385e-14 -3.70666e-14 
108200 -9.43443e-15 -7.19079e-14 -3.70469e-14 
108300 -1.02437e-14 -7.00871e-14 -3.22828e-14 
108400 -1.42158e-14 -7.16267e-14 -3.34788e-14 
108500 -9.64167e-15 -7.26925e-14 -3.39284e-14 
108600 -1.05397e-14 -7.19474e-14 -3.71505e-14 
108700 -1.39641e-14 -7.07039e-14 -3.59712e-14 
108800 -1.46253e-14 -7.06743e-14 -3.53396e-14 
108900 -1.61846e-14 -7.00773e-14 -3.38692e-14 
109000 -1.43762e-14 -6.76767e-14 -3.48866e-14 
109100 -1.54571e-14 -7.13136e-14 -3.46094e-14 
109200 -1.37766e-14 -7.20072e-14 -3.41801e-14 
109300 -1.02634e-14 -7.25e-14 -3.46686e-14 
109400 -1.26097e-14 -7.45576e-14 -3.69137e-14 
109500 -1.38655e-14 -7.0097e-14 -3.50538e-14 
109600 -1.28539e-14 -6.9838e-14 -3.66423e-14 
109700 -1.28095e-14 -7.07286e-14 -3.62574e-14 
109800 -1.16302e-14 -7.26135e-14 -3.97941e-14 
109900 -1.15759e-14 -6.75509e-14 -3.28133e-14 
110000 -1.08709e-14 -6.92878e-14 -2.96232e-14 
110100 -9.08162e-15 -6.8819e-14 -3.49572e-14 
110200 -8.25512e-15 -6.77261e-14 -3.30846e-14 
110300 -3.8093e-15 -6.96639e-14 -3.53594e-14 
110400 -7.31267e-15 -6.90886e-14 -3.09135e-14 
110500 -6.42942e-15 -6.87154e-14 -3.1634e-14 
110600 -6.22712e-15 -6.64802e-14 -3.49005e-14 
110700 -9.56272e-15 -6.83404e-14 -3.12244e-14 
110800 -7.32254e-15 -6.59966e-14 -3.40567e-14 
110900 -9.83904e-15 -6.50344e-14 -3.38914e-14 
111000 -8.52158e-15 -6.31988e-14 -3.51743e-14 
111100 -8.93298e-15 -6.22416e-14 -3.33462e-14 
111200 -7.98374e-15 -6.24044e-14 -3.4935e-14 
111300 -7.42122e-15 -6.33271e-14 -3.45699e-14 
111400 -5.55605e-15 -6.18789e-14 -3.46587e-14 
111500 -1.26516e-14 -6.47976e-14 -3.32376e-14 
111600 -8.70415e-15 -6.36429e-14 -3.21076e-14 
111700 -7.80117e-15 -6.29422e-14 -3.39691e-14 
111800 -9.03968e-15 -6.311e-14 -3.42146e-14 
111900 -8.08242e-15 -6.4874e-14 -3.67508e-14 
112000 -8.62026e-15 -6.40414e-14 -3.45859e-14 
112100 -5.43763e-15 -6.09883e-14 -3.81917e-14 
112200 -8.68441e-15 -5.97892e-14 -3.88997e-14 
112300 -9.84891e-15 -6.15409e-14 -3.80239e-14 
112400 -5.44256e-15 -6.24192e-14 -4.05256e-14 
112500 -7.35708e-15 -6.21429e-14 -4.20158e-14 
112600 -2.34874e-15 -6.31495e-14 -3.66176e-14 
112700 -7.01661e-15 -5.94043e-14 -3.88048e-14 
112800 -5.40309e-15 -6.30903e-14 -4.01228e-14 
112900 -5.40309e-15 -6.05639e-14 -3.25215e-14 
113000 -5.24025e-15 -6.06725e-14 -3.8542e-14 
113100 -6.40475e-15 -6.35146e-14 -3.56653e-14 
113200 -6.36775e-15 -6.15606e-14 -3.37903e-14 
113300 -7.03635e-15 -6.38058e-14 -3.37989e-14 
113400 -6.63173e-15 -6.0554e-14 -3.93068e-14 
113500 -1.49017e-15 -6.05392e-14 -4.14089e-14 
113600 -2.94086e-15 -6.31495e-14 -3.93266e-14 
113700 -4.1547e-15 -6.14323e-14 -4.25141e-14 
113800 -2.26979e-15 -6.26857e-14 -4.04319e-14 
113900 -2.05268e-15 -6.48913e-14 -4.32148e-14 
114000 -2.45483e-15 -6.30804e-14 -4.08167e-14 
114100 -7.85791e-16 -6.61594e-14 -4.20898e-14 
114200 4.60126e-16 -6.83996e-14 -3.94598e-14 
114300 -3.22705e-15 -6.59226e-14 -4.50973e-14 
114400 8.83244e-16 -6.8972e-14 -4.3274e-14 
114500 1.94659e-15 -6.66134e-14 -4.55981e-14 
114600 3.982e-15 -6.90016e-14 -4.46131e-14 
114700 1.49017e-15 -6.54884e-14 -4.5603e-14 
114800 2.00827e-15 -6.47433e-14 -4.50504e-14 
114900 1.30266e-15 -6.31495e-14 -5.20522e-14 
115000 7.6482e-16 -6.49357e-14 -4.52872e-14 
115100 1.92439e-15 -6.16988e-14 -4.97923e-14 
115200 2.86191e-16 -6.49703e-14 -4.47148e-14 
115300 4.02147e-16 -6.38946e-14 -4.58516e-14 
115400 -6.34061e-16 -6.64752e-14 -4.52033e-14 
115500 -1.06581e-15 -6.66726e-14 -4.68563e-14 
115600 1.11022e-15 -6.63765e-14 -4.59188e-14 
115700 8.98047e-16 -6.85674e-14 -4.66984e-14 
115800 -3.40468e-16 -7.02056e-14 -4.55142e-14 
115900 -2.22045e-15 -6.87746e-14 -4.85735e-14 
116000 -3.40962e-15 -6.42696e-14 -4.87511e-14 
116100 -1.75169e-15 -6.49851e-14 -4.77445e-14 
116200 -3.6514e-16 -6.50541e-14 -4.99946e-14 
116300 -2.31667e-15 -6.19998e-14 -4.87117e-14 
116400 2.02307e-15 -6.15508e-14 -4.91064e-14 
116500 -3.07655e-15 -6.4467e-14 -4.67046e-14 
116600 7.59886e-16 -6.56857e-14 -4.95406e-14 
116700 3.94746e-15 -6.63864e-14 -5.13367e-14 
116800 5.14157e-15 -6.62569e-14 -4.81787e-14 
116900 7.32747e-15 -6.48074e-14 -5.25703e-14 
117000 7.75676e-15 -6.67713e-14 -4.80011e-14 
117100 4.57905e-15 -6.32778e-14 -4.17839e-14 
117200 3.75996e-15 -6.44521e-14 -4.70414e-14 
117300 -9.91799e-16 -6.45669e-14 -5.24223e-14 
117400 3.40592e-15 -6.68897e-14 -4.99008e-14 
117500 2.27966e-15 -6.57375e-14 -4.85143e-14 
117600 5.25012e-15 -6.60213e-14 -4.96405e-14 
117700 5.59552e-15 -6.40401e-14 -4.51688e-14 
117800 4.64505e-15 -6.67515e-14 -5.04239e-14 
117900 7.48537e-15 -6.31988e-14 -5.24321e-14 
118000 2.34874e-15 -6.35541e-14 -5.27479e-14 
118100 7.69755e-15 -6.47383e-14 -5.84273e-14 
118200 5.69421e-15 -6.81726e-14 -5.81658e-14 
118300 3.8241e-15 -6.20615e-14 -5.59725e-14 
118400 5.78118e-15 -6.29126e-14 -5.44651e-14 
118500 4.75175e-15 -6.56166e-14 -5.29749e-14 
118600 1.47043e-15 -6.62556e-14 -5.56283e-14 
118700 -1.51114e-15 -6.5587e-14 -5.34831e-14 
118800 -1.97373e-17 -6.78963e-14 -5.74183e-14 
118900 4.88498e-16 -6.59867e-14 -5.50079e-14 
119000 5.57579e-16 -6.75706e-14 -5.66349e-14 
119100 3.87838e-15 -6.57449e-14 -5.69766e-14 
119200 2.73362e-15 -6.75904e-14 -5.69618e-14 
119300 1.30019e-15 -6.7472e-14 -5.54766e-14 
119400 -3.05928e-16 -6.73239e-14 -5.27035e-14 
119500 -5.74849e-16 -6.86266e-14 -5.99965e-14 
119600 2.22045e-15 -6.77976e-14 -6.28436e-14 
119700 -5.06755e-15 -6.92187e-14 -5.74947e-14 
119800 -1.55925e-15 -6.92878e-14 -5.5933e-14 
119900 -1.04854e-16 -6.60558e-14 -5.6646e-14 
120000 1.57898e-16 -6.6564e-14 -5.69939e-14 
120100 -4.73695e-16 -6.73733e-14 -6.2508e-14 
120200 -1.4803e-17 -6.66479e-14 -5.71888e-14 
120300 2.51651e-15 -6.45804e-14 -5.35547e-14 
120400 2.04774e-15 -6.48814e-14 -6.02728e-14 
120500 4.84551e-15 -6.44867e-14 -5.72086e-14 
120600 5.9804e-15 -6.69341e-14 -5.56394e-14 
120700 5.10209e-15 -6.36306e-14 -5.91971e-14 
120800 5.51657e-15 -6.77976e-14 -5.64363e-14 
120900 6.1383e-15 -6.54688e-14 -5.66757e-14 
121000 5.68434e-15 -6.63963e-14 -5.785e-14 
121100 5.01327e-15 -6.88964e-14 -5.98632e-14 
121200 2.36848e-15 -7.01365e-14 -5.73072e-14 
121300 6.66627e-15 -7.11628e-14 -5.80277e-14 
121400 3.8389e-15 -6.86241e-14 -5.50905e-14 
121500 6.39488e-15 -6.95814e-14 -5.68434e-14 
121600 7.07829e-15 -6.97883e-14 -5.73982e-14 
121700 4.85229e-15 -6.69538e-14 -5.70704e-14 
121800 6.76002e-15 -6.19751e-14 -5.71296e-14 
121900 5.61773e-15 -6.79407e-14 -5.70408e-14 
122000 6.42202e-15 -6.30385e-14 -5.24247e-14 
122100 5.41419e-15 -6.67417e-14 -5.635e-14 
122200 2.66454e-15 -6.39439e-14 -5.84323e-14 
122300 4.93432e-15 -6.5513e-14 -5.50079e-14 
122400 3.56258e-15 -6.39785e-14 -5.9994e-14 
122500 1.10899e-15 -6.46594e-14 -5.41258e-14 
122600 1.61969e-15 -6.73696e-14 -5.60934e-14 
122700 3.9672e-15 -6.74522e-14 -6.40771e-14 
122800 -1.77636e-15 -6.8935e-14 -6.00581e-14 
122900 4.61853e-15 -6.50023e-14 -5.90392e-14 
123000 1.11516e-15 -6.64407e-14 -6.11431e-14 
123100 2.04528e-15 -6.86809e-14 -6.19233e-14 
123200 4.66787e-15 -6.94852e-14 -6.10943e-14 
123300 3.61686e-15 -7.27813e-14 -6.16667e-14 
123400 6.62186e-15 -6.99922e-14 -6.2545e-14 
123500 7.92113e-15 -7.0662e-14 -6.14225e-14 
123600 1.22026e-14 -7.22286e-14 -6.10869e-14 
123700 1.06236e-14 -7.00279e-14 -6.21133e-14 
123800 8.59559e-15 -7.09334e-14 -6.16001e-14 
123900 6.99441e-15 -7.0778e-14 -6.00606e-14 
124000 9.37028e-15 -7.24951e-14 -6.22514e-14 
124100 6.8069e-15 -7.36201e-14 -6.02333e-14 
124200 5.52151e-15 -7.31662e-14 -6.11067e-14 
124300 7.20411e-15 -7.02253e-14 -5.83755e-14 
124400 5.63623e-15 -6.97121e-14 -6.54291e-14 
124500 1.2981e-14 -7.00625e-14 -6.04751e-14 
124600 1.05595e-14 -7.04967e-14 -5.71395e-14 
124700 1.06976e-14 -6.97911e-14 -5.92316e-14 
124800 1.11713e-14 -7.08766e-14 -5.83138e-14 
124900 8.96073e-15 -7.59689e-14 -5.76329e-14 
125000 7.4607e-15 -6.92434e-14 -5.91724e-14 
125100 8.01828e-15 -6.74917e-14 -5.70211e-14 
125200 6.87968e-15 -6.77261e-14 -5.82053e-14 
125300 1.18547e-14 -6.81825e-14 -6.03935e-14 
125400 1.11288e-14 -6.7055e-14 -6.1008e-14 
125500 1.03127e-14 -6.68946e-14 -5.917e-14 
125600 9.23706e-15 -6.39094e-14 -5.97349e-14 
125700 9.52695e-15 -6.62186e-14 -5.90737e-14 
125800 8.69181e-15 -6.66923e-14 -5.87234e-14 
125900 1.18251e-14 -6.4235e-14 -5.91626e-14 
126000 9.16798e-15 -6.5291e-14 -5.91083e-14 
126100 3.43429e-15 -6.53107e-14 -5.76823e-14 
126200 7.3028e-15 -6.59695e-14 -5.48006e-14 
126300 8.79297e-15 -6.66874e-14 -6.06725e-14 
126400 1.22421e-14 -6.36725e-14 -6.02345e-14 
126500 1.0145e-14 -6.73091e-14 -5.70704e-14 
126600 9.55285e-15 -6.7958e-14 -5.54914e-14 
126700 8.54625e-15 -6.50196e-14 -6.27547e-14 
126800 9.38077e-15 -6.96924e-14 -5.83145e-14 
126900 1.39691e-14 -6.64752e-14 -5.91626e-14 
127000 7.84188e-15 -6.85328e-14 -6.19652e-14 
127100 5.8225e-15 -7.0245e-14 -6.57745e-14 
127200 8.26993e-15 -6.93717e-14 -5.97127e-14 
127300 9.16798e-15 -6.61767e-14 -6.78642e-14 
127400 9.53312e-15 -6.92224e-14 -6.17617e-14 
127500 8.80592e-15 -7.01858e-14 -5.96387e-14 
127600 1.12503e-14 -6.86266e-14 -5.76625e-14 
127700 1.30365e-14 -7.02944e-14 -6.19554e-14 
127800 1.17229e-14 -7.13602e-14 -6.48845e-14 
127900 1.11861e-14 -7.10937e-14 -6.07514e-14 
128000 9.71075e-15 -7.68965e-14 -6.53305e-14 
128100 1.01055e-14 -7.10543e-14 -6.26857e-14 
128200 1.01746e-14 -7.05983e-14 -6.13731e-14 
128300 8.92126e-15 -6.82318e-14 -6.12399e-14 
128400 8.22675e-15 -6.79703e-14 -6.05738e-14 
128500 5.02314e-15 -6.79358e-14 -5.84027e-14 
128600 5.96066e-15 -6.84391e-14 -5.98139e-14 
128700 1.05101e-15 -6.63963e-14 -6.17728e-14 
128800 3.39173e-15 -6.69045e-14 -5.73862e-14 
128900 -2.31913e-16 -6.74621e-14 -5.47217e-14 
129000 -1.71221e-15 -6.83207e-14 -5.44651e-14 
129100 -2.46716e-16 -6.58042e-14 -5.45564e-14 
129200 -4.83564e-16 -6.50147e-14 -6.1671e-14 
129300 -5.27973e-16 -6.39883e-14 -5.58171e-14 
129400 2.06255e-15 -6.50837e-14 -6.04751e-14 
129500 -1.95338e-15 -6.64999e-14 -5.79788e-14 
129600 1.69741e-15 -6.51923e-14 -5.30243e-14 
129700 2.70401e-15 -6.45212e-14 -6.53009e-14 
129800 -2.1711e-16 -6.35146e-14 -5.80277e-14 
129900 -1.4729e-15 -6.58486e-14 -5.76033e-14 
130000 -3.12343e-15 -6.16692e-14 -5.77612e-14 
130100 -3.52311e-15 -6.36528e-14 -6.05812e-14 
130200 -4.25339e-15 -6.08945e-14 -5.8906e-14 
130300 -6.78963e-15 -5.96165e-14 -5.36904e-14 
130400 -6.47877e-15 -5.87851e-14 -5.69816e-14 
130500 -3.22211e-15 -5.84101e-14 -5.3456e-14 
130600 -4.03874e-15 -5.74454e-14 -5.59626e-14 
130700 -5.80277e-15 -5.70211e-14 -5.51633e-14 
130800 -5.50671e-15 -5.9508e-14 -5.60441e-14 
130900 -1.04669e-14 -5.91329e-14 -5.63179e-14 
131000 -6.75016e-15 -5.75342e-14 -5.47056e-14 
131100 -9.43936e-15 -5.62316e-14 -5.71864e-14 
131200 -7.21398e-15 -5.66559e-14 -6.0031e-14 
131300 -6.74029e-15 -5.36262e-14 -5.87333e-14 
131400 -7.99361e-15 -5.83928e-14 -6.11856e-14 
131500 -6.61199e-15 -5.71197e-14 -5.64881e-14 
131600 -6.50097e-15 -6.08057e-14 -5.70112e-14 
131700 -5.94093e-15 -5.9508e-14 -5.80079e-14 
131800 -6.16791e-15 -6.2059e-14 -5.03733e-14 
131900 -3.58972e-15 -6.18172e-14 -5.69421e-14 
132000 -4.06588e-15 -6.14422e-14 -5.78155e-14 
132100 -6.14817e-15 -6.09685e-14 -5.53631e-14 
132200 -4.1547e-15 -6.36133e-14 -5.13413e-14 
132300 -7.4903e-15 -6.2888e-14 -5.52126e-14 
132400 -5.14157e-15 -6.29299e-14 -5.32512e-14 
132500 -3.48363e-15 -6.13374e-14 -6.14323e-14 
132600 -2.68427e-15 -6.28288e-14 -5.9582e-14 
132700 -4.60866e-15 -6.13633e-14 -5.77119e-14 
132800 -7.83077e-15 -5.89208e-14 -5.34338e-14 
132900 -3.85062e-15 -5.97448e-14 -5.61378e-14 
133000 -3.39482e-15 -6.20738e-14 -5.47907e-14 
133100 -6.27646e-15 -6.17087e-14 -5.69273e-14 
133200 -7.23372e-15 -6.11832e-14 -5.48105e-14 
133300 -5.07989e-15 -6.02185e-14 -5.78636e-14 
133400 -5.90145e-15 -5.80474e-14 -5.70901e-14 
133500 -1.14846e-14 -6.01815e-14 -5.44947e-14 
133600 -1.12207e-14 -5.95869e-14 -5.53829e-14 
133700 -1.18276e-14 -6.06527e-14 -5.90244e-14 
133800 -1.19805e-14 -5.85902e-14 -5.44799e-14 
133900 -1.44082e-14 -6.21528e-14 -5.90836e-14 
134000 -1.24444e-14 -6.07193e-14 -5.41517e-14 
134100 -1.06137e-14 -5.76557e-14 -5.09321e-14 
134200 -1.1793e-14 -6.00187e-14 -5.46082e-14 
134300 -6.53305e-15 -5.87037e-14 -5.50917e-14 
134400 -1.0446e-14 -5.88887e-14 -5.55506e-14 
134500 -1.03917e-14 -5.98349e-14 -5.96609e-14 
134600 -1.39641e-14 -6.18962e-14 -5.48993e-14 
134700 -1.21977e-14 -5.85236e-14 -6.07021e-14 
134800 -1.29279e-14 -6.02185e-14 -5.65375e-14 
134900 -1.42898e-14 -5.87382e-14 -5.4623e-14 
135000 -1.33597e-14 -5.84569e-14 -5.65178e-14 
135100 -1.28786e-14 -5.94537e-14 -5.54026e-14 
135200 -1.24345e-14 -5.7929e-14 -5.84816e-14 
135300 -1.07914e-14 -5.98238e-14 -5.66885e-14 
135400 -1.277e-14 -6.06453e-14 -5.6197e-14 
135500 -1.2474e-14 -5.93204e-14 -5.78402e-14 
135600 -1.30118e-14 -5.95844e-14 -5.98435e-14 
135700 -1.49263e-14 -5.93797e-14 -5.73566e-14 
135800 -1.44033e-14 -5.94241e-14 -5.76526e-14 
135900 -1.08753e-14 -5.5975e-14 -5.71592e-14 
136000 -1.202e-14 -5.57357e-14 -5.85507e-14 
136100 -8.68441e-15 -5.90441e-14 -5.46822e-14 
136200 -9.58246e-15 -6.17235e-14 -6.24685e-14 
136300 -9.80944e-15 -5.94142e-14 -5.54914e-14 
136400 -9.83904e-15 -6.0554e-14 -5.79413e-14 
136500 -7.25346e-15 -5.83018e-14 -5.76033e-14 
136600 -6.75509e-15 -5.56345e-14 -5.59059e-14 
136700 -2.62506e-15 -5.92107e-14 -6.31594e-14 
136800 -6.31594e-15 -5.91946e-14 -5.92908e-14 
136900 -4.27313e-15 -5.70753e-14 -5.97251e-14 
137000 -4.52971e-15 -5.6762e-14 -5.50893e-14 
137100 -5.42776e-15 -5.91626e-14 -6.17827e-14 
137200 -4.658e-15 -6.15804e-14 -6.16495e-14 
137300 -3.16043e-15 -5.91675e-14 -6.04553e-14 
137400 -5.41789e-15 -5.49486e-14 -5.45243e-14 
137500 5.52644e-16 -6.01198e-14 -5.86778e-14 
137600 -2.6448e-15 -5.99224e-14 -6.07169e-14 
137700 -6.11856e-16 -5.49881e-14 -5.81658e-14 
137800 -2.23031e-15 -5.6503e-14 -5.41098e-14 
137900 -2.58065e-15 -5.4771e-14 -5.67361e-14 
138000 -3.21225e-15 -5.32315e-14 -5.78886e-14 
138100 -5.06755e-15 -5.10888e-14 -5.56394e-14 
138200 -1.66287e-15 -5.01031e-14 -5.81362e-14 
138300 -4.30273e-15 -5.07742e-14 -5.72875e-14 
138400 4.37921e-16 -4.94376e-14 -5.82842e-14 
138500 -2.92112e-15 -4.84057e-14 -5.60243e-14 
138600 -4.78136e-15 -4.91656e-14 -5.93501e-14 
138700 -8.57956e-16 -4.67379e-14 -5.58269e-14 
138800 -5.05768e-16 -4.69032e-14 -5.54421e-14 
138900 6.31594e-16 -4.75027e-14 -5.82645e-14 
139000 4.24845e-15 -4.78136e-14 -5.41197e-14 
139100 -4.29533e-15 -4.66392e-14 -5.38137e-14 
139200 -1.95399e-15 -4.92643e-14 -5.48475e-14 
139300 -9.4739e-16 -4.76434e-14 -5.69421e-14 
139400 -3.52064e-15 -4.82133e-14 -5.36361e-14 
139500 -2.79283e-15 -4.34393e-14 -5.91329e-14 
139600 1.08062e-15 -5.04535e-14 -5.26788e-14 
139700 -1.53457e-15 -4.7784e-14 -6.01692e-14 
139800 -1.89478e-15 -4.86919e-14 -5.57381e-14 
139900 -7.89492e-17 -5.02216e-14 -5.79092e-14 
140000 1.42109e-15 -5.15045e-14 -5.91922e-14 
140100 2.74348e-15 -5.31575e-14 -5.45194e-14 
140200 6.04146e-15 -5.43763e-14 -5.79413e-14 
140300 -2.47333e-16 -5.42628e-14 -5.485e-14 
140400 2.15137e-15 -5.39519e-14 -5.64437e-14 
140500 3.18757e-15 -5.47883e-14 -5.7179e-14 
140600 6.36528e-15 -5.14058e-14 -5.90491e-14 
140700 7.22632e-15 -5.24815e-14 -5.84076e-14 
140800 4.09796e-15 -4.99008e-14 -5.88517e-14 
140900 6.78963e-15 -5.07051e-14 -6.0892e-14 
141000 8.86328e-15 -4.68267e-14 -5.95302e-14 
141100 7.33734e-15 -4.90669e-14 -5.86593e-14 
141200 7.72715e-15 -5.18301e-14 -6.36972e-14 
141300 6.65764e-15 -5.00587e-14 -5.88468e-14 
141400 9.17784e-15 -5.11295e-14 -5.64265e-14 
141500 9.98707e-15 -5.23174e-14 -5.10949e-14 
141600 8.54872e-15 -5.55309e-14 -5.7248e-14 
141700 8.00841e-15 -5.45045e-14 -6.80887e-14 
141800 9.955e-15 -5.3271e-14 -6.03863e-14 
141900 7.37682e-15 -5.44453e-14 -5.98238e-14 
142000 3.89812e-15 -5.54772e-14 -5.76736e-14 
142100 7.1153e-15 -5.45144e-14 -5.60539e-14 
142200 8.80284e-15 -5.64388e-14 -5.95178e-14 
142300 4.6358e-15 -5.53582e-14 -5.6577e-14 
142400 2.94086e-15 -5.64832e-14 -5.5859e-14 
142500 -1.84297e-15 -5.15834e-14 -5.65572e-14 
142600 6.11363e-15 -5.30391e-14 -5.30884e-14 
142700 3.00007e-15 -5.4771e-14 -5.67447e-14 
142800 2.53624e-15 -5.2521e-14 -5.8193e-14 
142900 2.1415e-15 -5.3271e-14 -5.69224e-14 
143000 -1.34214e-15 -5.25111e-14 -5.90429e-14 
143100 -2.08228e-15 -5.44355e-14 -5.91428e-14 
143200 -5.52644e-16 -5.42381e-14 -5.61767e-14 
143300 1.53951e-15 -5.5225e-14 -5.49684e-14 
143400 -1.38655e-15 -5.3646e-14 -6.11116e-14 
143500 4.25092e-15 -5.51263e-14 -5.80671e-14 
143600 2.11436e-15 -5.52299e-14 -5.40851e-14 
143700 -2.08228e-15 -5.52472e-14 -5.68434e-14 
143800 -8.98047e-16 -5.68434e-14 -5.89257e-14 
143900 -3.65633e-15 -6.01568e-14 -5.67842e-14 
144000 -3.86851e-15 -5.65276e-14 -5.59158e-14 
144100 -4.57905e-15 -5.71123e-14 -5.77415e-14 
144200 -6.28633e-15 -5.95659e-14 -5.222e-14 
144300 -5.8077e-15 -6.07662e-14 -5.32266e-14 
144400 -2.71388e-15 -5.89405e-14 -5.58418e-14 
144500 -7.50017e-16 -5.95894e-14 -5.16229e-14 
144600 -2.16864e-15 -6.05688e-14 -4.44237e-14 
144700 -3.54531e-15 -6.08797e-14 -5.13836e-14 
144800 1.4803e-15 -5.95992e-14 -5.25407e-14 
144900 -1.71714e-15 -5.75441e-14 -5.03696e-14 
145000 -5.84224e-15 -6.10438e-14 -5.05522e-14 
145100 3.77969e-15 -5.87727e-14 -4.96936e-14 
145200 6.78963e-15 -5.84249e-14 -5.24321e-14 
145300 3.71555e-15 -5.9952e-14 -5.03548e-14 
145400 2.05761e-15 -5.93353e-14 -4.88794e-14 
145500 3.01981e-15 -5.80277e-14 -4.9627e-14 
145600 4.17444e-15 -6.0184e-14 -5.23334e-14 
145700 3.71061e-15 -5.83089e-14 -5.08482e-14 
145800 4.50997e-15 -5.92415e-14 -4.91064e-14 
145900 8.04295e-15 -6.23366e-14 -5.38199e-14 
146000 4.72955e-15 -6.16791e-14 -5.50128e-14 
146100 3.57245e-15 -6.49554e-14 -5.17808e-14 
146200 6.27893e-15 -6.37909e-14 -5.17611e-14 
146300 4.39155e-15 -6.24587e-14 -5.34873e-14 
146400 4.1547e-15 -6.09883e-14 -4.67873e-14 
146500 3.27639e-15 -6.21922e-14 -5.17611e-14 
146600 7.82584e-15 -5.96165e-14 -5.06089e-14 
146700 9.66141e-15 -6.19504e-14 -4.81763e-14 
146800 9.50351e-15 -6.0406e-14 -4.64073e-14 
146900 8.1441e-15 -5.83805e-14 -4.56918e-14 
147000 3.53298e-15 -5.74429e-14 -5.01155e-14 
147100 2.18591e-15 -5.73023e-14 -4.76989e-14 
147200 3.43429e-15 -5.82349e-14 -4.78802e-14 
147300 2.86191e-15 -5.93353e-14 -4.81294e-14 
147400 6.90312e-15 -6.00446e-14 -4.53804e-14 
147500 5.36361e-15 -5.6646e-14 -5.05324e-14 
147600 7.50017e-16 -5.87579e-14 -4.74337e-14 
147700 1.39148e-15 -5.68928e-14 -4.55339e-14 
147800 3.95856e-15 -5.85951e-14 -4.80505e-14 
147900 2.74348e-15 -5.87974e-14 -4.71129e-14 
148000 5.11196e-15 -5.82152e-14 -4.88597e-14 
148100 -4.23488e-15 -6.07317e-14 -4.7636e-14 
148200 -5.18104e-16 -6.24735e-14 -4.87758e-14 
148300 3.05928e-15 -5.97066e-14 -4.55932e-14 
148400 6.40475e-15 -5.69532e-14 -5.01919e-14 
148500 3.89503e-15 -6.33074e-14 -4.45076e-14 
148600 5.25506e-15 -6.28337e-14 -4.55389e-14 
148700 6.58239e-15 -6.16198e-14 -4.87906e-14 
148800 7.18931e-15 -6.15705e-14 -4.93136e-14 
148900 8.21072e-15 -6.2962e-14 -4.78728e-14 
149000 9.75023e-15 -6.20442e-14 -4.30174e-14 
149100 6.07909e-15 -6.01321e-14 -4.32074e-14 
149200 1.21557e-14 -6.59324e-14 -4.583e-14 
149300 1.35793e-14 -6.62433e-14 -4.5603e-14 
149400 1.21656e-14 -6.88036e-14 -4.5001e-14 
149500 1.24246e-14 -6.77748e-14 -4.3575e-14 
149600 1.09295e-14 -7.11826e-14 -4.69245e-14 
149700 1.59428e-14 -6.84514e-14 -4.95505e-14 
149800 1.45069e-14 -6.80863e-14 -4.42809e-14 
149900 1.46475e-14 -7.00329e-14 -4.77445e-14 
150000 1.41294e-14 -6.99983e-14 -4.5376e-14 
150100 1.67545e-14 -6.94556e-14 -4.8159e-14 
150200 1.48227e-14 -6.97319e-14 -4.75669e-14 
150300 1.70515e-14 -6.9347e-14 -4.60076e-14 
150400 1.42503e-14 -6.86907e-14 -4.52774e-14 
150500 1.25283e-14 -6.76385e-14 -4.63234e-14 
150600 1.11121e-14 -6.79271e-14 -4.53958e-14 
150700 1.1423e-14 -6.77976e-14 -4.42362e-14 
150800 1.08802e-14 -6.42646e-14 -4.49517e-14 
150900 1.01647e-14 -6.67614e-14 -4.30693e-14 
151000 9.13837e-15 -6.28485e-14 -4.2297e-14 
151100 8.11203e-15 -6.20935e-14 -5.20818e-14 
151200 1.08111e-14 -6.56956e-14 -4.55784e-14 
151300 1.06088e-14 -6.35541e-14 -5.02561e-14 
151400 8.70415e-15 -6.37416e-14 -4.97577e-14 
151500 1.25134e-14 -6.43337e-14 -5.05842e-14 
151600 1.32635e-14 -6.39291e-14 -4.94173e-14 
151700 1.30266e-14 -6.06503e-14 -4.38908e-14 
151800 1.38951e-14 -5.9994e-14 -4.66762e-14 
151900 1.22865e-14 -5.89356e-14 -5.4381e-14 
152000 1.62537e-14 -5.97103e-14 -5.37743e-14 
152100 1.28095e-14 -5.72678e-14 -5.29305e-14 
152200 1.55333e-14 -5.6577e-14 -5.24358e-14 
152300 1.4724e-14 -5.46674e-14 -5.1238e-14 
152400 1.30661e-14 -5.63506e-14 -5.42085e-14 
152500 1.71714e-14 -5.79684e-14 -5.37841e-14 
152600 1.70277e-14 -5.85458e-14 -5.44749e-14 
152700 1.88146e-14 -5.71493e-14 -5.54248e-14 
152800 1.66681e-14 -5.24913e-14 -5.15686e-14 
152900 1.93463e-14 -5.70309e-14 -5.34486e-14 
153000 1.87455e-14 -5.45835e-14 -5.35473e-14 
153100 1.31845e-14 -5.38582e-14 -5.11073e-14 
153200 1.81336e-14 -5.52398e-14 -5.43072e-14 
153300 1.67668e-14 -5.54322e-14 -5.12775e-14 
153400 1.4898e-14 -5.43467e-14 -4.85932e-14 
153500 1.60662e-14 -5.52842e-14 -5.21114e-14 
153600 1.82965e-14 -5.5579e-14 -5.07939e-14 
153700 1.62339e-14 -5.40911e-14 -4.33838e-14 
153800 1.78277e-14 -5.72628e-14 -5.36558e-14 
153900 1.6155e-14 -5.41394e-14 -5.10386e-14 
154000 1.82965e-14 -5.69421e-14 -4.88017e-14 
154100 2.03788e-14 -5.47907e-14 -4.82972e-14 
154200 1.35694e-14 -5.50375e-14 -5.25506e-14 
154300 2.0808e-14 -5.81313e-14 -4.91113e-14 
154400 2.12176e-14 -5.71419e-14 -4.60718e-14 
154500 2.0586e-14 -5.44157e-14 -5.09679e-14 
154600 2.00728e-14 -5.66436e-14 -4.84995e-14 
154700 1.86123e-14 -5.49388e-14 -4.87437e-14 
154800 1.48721e-14 -5.69452e-14 -4.65554e-14 
154900 1.79017e-14 -5.91922e-14 -4.98663e-14 
155000 1.7354e-14 -5.55186e-14 -5.19288e-14 
155100 1.93277e-14 -5.78994e-14 -4.8238e-14 
155200 1.86419e-14 -5.72604e-14 -4.97923e-14 
155300 1.82595e-14 -5.48006e-14 -4.75225e-14 
155400 1.70456e-14 -5.8093e-14 -4.84156e-14 
155500 1.79699e-14 -6.03764e-14 -4.69254e-14 
155600 2.28243e-14 -6.10179e-14 -4.84748e-14 
155700 2.03492e-14 -5.86198e-14 -4.69896e-14 
155800 2.25597e-14 -5.56888e-14 -4.73103e-14 
155900 2.46815e-14 -5.90096e-14 -5.1618e-14 
156000 2.39019e-14 -5.90935e-14 -5.46921e-14 
156100 2.31864e-14 -5.75145e-14 -4.69106e-14 
156200 1.82767e-14 -5.56789e-14 -5.00834e-14 
156300 2.31963e-14 -5.82053e-14 -4.70537e-14 
156400 1.84544e-14 -5.71888e-14 -4.66491e-14 
156500 2.45137e-14 -5.86543e-14 -5.1692e-14 
156600 1.73293e-14 -6.29028e-14 -4.81195e-14 
156700 2.36255e-14 -5.76477e-14 -5.0942e-14 
156800 2.17604e-14 -6.17037e-14 -5.03498e-14 
156900 2.23155e-14 -6.08205e-14 -4.65011e-14 
157000 2.32012e-14 -5.89504e-14 -5.03844e-14 
157100 2.19836e-14 -6.03468e-14 -4.62642e-14 
157200 2.42673e-14 -5.94487e-14 -4.10289e-14 
157300 2.45532e-14 -6.00606e-14 -4.44879e-14 
157400 2.31568e-14 -6.26413e-14 -4.35997e-14 
157500 2.54414e-14 -6.30755e-14 -4.74879e-14 
157600 2.51947e-14 -6.48716e-14 -4.32395e-14 
157700 2.67736e-14 -6.12892e-14 -4.23538e-14 
157800 2.11979e-14 -6.19504e-14 -3.82534e-14 
157900 1.79412e-14 -5.92218e-14 -4.00766e-14 
158000 1.73244e-14 -6.17087e-14 -3.80732e-14 
158100 2.28755e-14 -6.19899e-14 -4.37576e-14 
158200 1.79363e-14 -5.98262e-14 -4.06292e-14 
158300 1.49214e-14 -5.74257e-14 -3.89466e-14 
158400 1.7729e-14 -6.31988e-14 -4.10338e-14 
158500 1.92537e-14 -6.31001e-14 -4.25832e-14 
158600 1.91797e-14 -6.52318e-14 -4.18036e-14 
158700 1.57257e-14 -6.386e-14 -4.45594e-14 
158800 2.11979e-14 -6.12251e-14 -4.65998e-14 
158900 2.1415e-14 -6.10771e-14 -5.12066e-14 
159000 2.06748e-14 -6.34554e-14 -4.13694e-14 
159100 2.0132e-14 -6.26561e-14 -4.48481e-14 
159200 1.67915e-14 -6.13435e-14 -4.76508e-14 
159300 1.82373e-14 -6.49308e-14 -4.3617e-14 
159400 2.29298e-14 -6.31939e-14 -4.7734e-14 
159500 1.79609e-14 -6.27005e-14 -4.35997e-14 
159600 1.91254e-14 -6.85335e-14 -4.30865e-14 
159700 1.80932e-14 -6.32482e-14 -4.45076e-14 
159800 2.19281e-14 -6.32482e-14 -4.62248e-14 
159900 1.29082e-14 -6.10771e-14 -4.57313e-14 
160000 1.75563e-14 -6.46397e-14 -4.58201e-14 
160100 2.00531e-14 -6.67022e-14 -4.55833e-14 
160200 1.93623e-14 -6.37959e-14 -4.24523e-14 
160300 1.82718e-14 -6.3258e-14 -4.43991e-14 
160400 1.82175e-14 -6.11499e-14 -4.31063e-14 
160500 2.14915e-14 -6.34752e-14 -4.85686e-14 
160600 1.53063e-14 -6.46594e-14 -4.87807e-14 
160700 2.02899e-14 -6.15014e-14 -4.54057e-14 
160800 1.86591e-14 -5.98632e-14 -4.87018e-14 
160900 2.03097e-14 -6.27473e-14 -4.996e-14 
161000 2.17604e-14 -6.24636e-14 -4.9569e-14 
161100 1.9683e-14 -6.27942e-14 -5.42184e-14 
161200 2.05786e-14 -6.43091e-14 -4.58695e-14 
161300 1.93031e-14 -6.37909e-14 -5.2244e-14 
161400 2.0364e-14 -6.52614e-14 -4.58892e-14 
161500 2.09511e-14 -6.70969e-14 -5.42973e-14 
161600 1.96583e-14 -7.04523e-14 -5.09568e-14 
161700 2.14248e-14 -6.5819e-14 -5.40003e-14 
161800 1.95251e-14 -6.90115e-14 -5.25259e-14 
161900 2.09117e-14 -7.25037e-14 -5.2627e-14 
162000 2.24117e-14 -6.92483e-14 -5.43812e-14 
162100 2.17554e-14 -7.06299e-14 -5.45884e-14 
162200 2.46988e-14 -6.93371e-14 -5.6197e-14 
162300 2.95961e-14 -6.893e-14 -5.63796e-14 
162400 2.54611e-14 -6.7694e-14 -5.44577e-14 
162500 2.42177e-14 -6.79432e-14 -5.34881e-14 
162600 2.53032e-14 -6.76891e-14 -5.40999e-14 
162700 2.03442e-14 -6.70772e-14 -5.74257e-14 
162800 2.07636e-14 -6.56981e-14 -5.71839e-14 
162900 1.93919e-14 -6.64691e-14 -6.04405e-14 
163000 2.76026e-14 -6.47729e-14 -5.87579e-14 
163100 2.19651e-14 -6.96159e-14 -5.80921e-14 
163200 1.97768e-14 -6.87944e-14 -6.22761e-14 
163300 1.88985e-14 -7.20115e-14 -6.04356e-14 
163400 1.42503e-14 -6.64401e-14 -5.823e-14 
163500 1.88491e-14 -6.64654e-14 -5.90145e-14 
163600 1.86814e-14 -6.84588e-14 -5.55358e-14 
163700 2.34282e-14 -6.7731e-14 -5.93303e-14 
163800 1.91649e-14 -6.9606e-14 -5.53927e-14 
163900 1.95103e-14 -6.98108e-14 -5.94783e-14 
164000 2.02406e-14 -7.23569e-14 -5.40309e-14 
164100 2.07439e-14 -7.02845e-14 -5.38609e-14 
164200 2.28311e-14 -7.52188e-14 -5.17222e-14 
164300 2.15087e-14 -7.5637e-14 -5.17117e-14 
164400 2.63098e-14 -7.59245e-14 -5.45884e-14 
164500 2.62753e-14 -7.66153e-14 -5.67262e-14 
164600 2.81651e-14 -7.58702e-14 -5.30637e-14 
164700 2.55993e-14 -7.97239e-14 -5.73294e-14 
164800 2.5767e-14 -7.701e-14 -5.24568e-14 
164900 3.06742e-14 -7.64228e-14 -5.08457e-14 
165000 3.00599e-14 -7.48044e-14 -5.20226e-14 
165100 2.64036e-14 -7.59787e-14 -5.4771e-14 
165200 2.54586e-14 -7.11579e-14 -5.86667e-14 
165300 2.50984e-14 -7.35831e-14 -5.33006e-14 
165400 2.53612e-14 -7.52361e-14 -5.17364e-14 
165500 2.15975e-14 -7.60379e-14 -4.88696e-14 
165600 2.41979e-14 -7.88998e-14 -5.42184e-14 
165700 2.86783e-14 -8.14558e-14 -5.23236e-14 
165800 2.73963e-14 -8.3775e-14 -6.09883e-14 
165900 2.63789e-14 -7.90972e-14 -5.334e-14 
166000 2.66207e-14 -8.10956e-14 -5.22496e-14 
166100 2.48986e-14 -7.96893e-14 -5.31328e-14 
166200 2.51552e-14 -8.14953e-14 -5.3678e-14 
166300 2.49405e-14 -8.11499e-14 -5.03498e-14 
166400 2.2767e-14 -8.32846e-14 -5.06459e-14 
166500 2.20022e-14 -8.28128e-14 -5.10505e-14 
166600 2.02505e-14 -7.92847e-14 -5.39322e-14 
166700 1.85161e-14 -8.18604e-14 -4.84649e-14 
166800 2.09807e-14 -7.93045e-14 -5.65819e-14 
166900 2.00728e-14 -7.7913e-14 -5.10851e-14 
167000 2.01987e-14 -8.04178e-14 -5.24124e-14 
167100 2.13459e-14 -8.07823e-14 -5.46452e-14 
167200 1.9688e-14 -8.07675e-14 -5.44355e-14 
167300 1.83458e-14 -8.01334e-14 -5.18277e-14 
167400 2.0586e-14 -7.83077e-14 -5.3646e-14 
167500 1.72109e-14 -8.20085e-14 -5.43861e-14 
167600 2.31025e-14 -8.11696e-14 -4.78629e-14 
167700 1.99643e-14 -8.06885e-14 -5.16525e-14 
167800 1.99556e-14 -8.26401e-14 -5.30761e-14 
167900 1.80004e-14 -8.34937e-14 -4.86722e-14 
168000 2.11485e-14 -8.28769e-14 -5.39561e-14 
168100 1.78623e-14 -8.35677e-14 -5.01722e-14 
168200 1.58491e-14 -8.2867e-14 -4.90867e-14 
168300 1.61648e-14 -8.54132e-14 -5.04683e-14 
168400 1.35102e-14 -7.8288e-14 -4.57412e-14 
168500 1.36089e-14 -8.48506e-14 -4.94419e-14 
168600 1.07914e-14 -8.48506e-14 -5.27677e-14 
168700 1.10134e-14 -8.60916e-14 -4.89288e-14 
168800 9.82917e-15 -8.49099e-14 -5.15489e-14 
168900 1.07272e-14 -8.99453e-14 -4.96985e-14 
169000 1.06187e-14 -8.86303e-14 -5.21558e-14 
169100 9.71075e-15 -8.94297e-14 -4.78531e-14 
169200 1.36286e-14 -9.36782e-14 -4.73843e-14 
169300 1.09295e-14 -9.43813e-14 -5.07125e-14 
169400 1.15266e-14 -9.5758e-14 -4.85735e-14 
169500 1.10134e-14 -9.4137e-14 -4.96603e-14 
169600 1.07815e-14 -9.68312e-14 -4.82034e-14 
169700 1.27663e-14 -9.33846e-14 -4.86228e-14 
169800 1.4967e-14 -9.51165e-14 -4.83416e-14 
169900 1.24444e-14 -9.60318e-14 -5.03054e-14 
170000 1.16154e-14 -9.56864e-14 -5.34486e-14 
170100 8.84724e-15 -9.45392e-14 -5.71691e-14 
170200 1.29674e-14 -9.47785e-14 -5.50473e-14 
170300 1.01647e-14 -8.92323e-14 -5.28849e-14 
170400 1.00167e-14 -9.2785e-14 -6.14225e-14 
170500 5.85211e-15 -9.19955e-14 -5.37151e-14 
170600 7.26333e-15 -9.15613e-14 -5.63302e-14 
170700 7.44343e-15 -9.06139e-14 -5.54519e-14 
170800 6.17777e-15 -9.12653e-14 -5.06262e-14 
170900 3.34054e-15 -8.93532e-14 -4.64665e-14 
171000 2.16709e-15 -8.94457e-14 -4.84945e-14 
171100 2.95073e-15 -8.86155e-14 -4.65973e-14 
171200 2.3142e-15 -9.28708e-14 -4.80505e-14 
171300 2.20071e-15 -9.03648e-14 -4.70587e-14 
171400 9.67128e-16 -8.99133e-14 -4.58226e-14 
171500 1.59872e-15 -9.0683e-14 -4.6955e-14 
171600 1.37174e-15 -9.16798e-14 -4.68366e-14 
171700 1.87504e-15 -9.39372e-14 -4.32444e-14 
171800 1.12503e-15 -9.36387e-14 -4.54575e-14 
171900 3.31587e-15 -9.25926e-14 -4.7768e-14 
172000 5.25012e-15 -9.36436e-14 -4.60669e-14 
172100 3.54038e-15 -9.20646e-14 -5.02055e-14 
172200 2.35367e-15 -9.38015e-14 -5.05127e-14 
172300 4.66787e-15 -9.14824e-14 -5.04831e-14 
172400 4.30273e-15 -9.15712e-14 -5.07631e-14 
172500 5.26492e-15 -9.31304e-14 -5.3192e-14 
172600 3.51324e-15 -9.47686e-14 -5.35473e-14 
172700 1.02634e-15 -9.73641e-14 -5.59355e-14 
172800 -3.306e-16 -9.5568e-14 -5.38335e-14 
172900 3.62673e-16 -9.52029e-14 -5.44848e-14 
173000 -1.40752e-15 -9.39249e-14 -5.91033e-14 
173100 5.87185e-16 -9.70286e-14 -5.66263e-14 
173200 -2.19331e-15 -9.51634e-14 -5.69816e-14 
173300 -2.17789e-15 -9.59627e-14 -6.17185e-14 
173400 -4.11523e-15 -9.68805e-14 -5.55062e-14 
173500 -2.9902e-15 -9.99941e-14 -5.86395e-14 
173600 2.63986e-16 -9.62773e-14 -5.74947e-14 
173700 -7.59886e-15 -9.59726e-14 -5.58072e-14 
173800 -4.96393e-15 -9.44775e-14 -5.33697e-14 
173900 -2.68427e-15 -9.62292e-14 -5.26986e-14 
174000 -5.31427e-15 -1.00174e-13 -5.90047e-14 
174100 -6.26413e-15 -9.7675e-14 -5.39371e-14 
174200 -4.97503e-15 -9.69299e-14 -5.48894e-14 
174300 -1.04213e-14 -9.66535e-14 -5.57628e-14 
174400 -7.55939e-15 -9.76022e-14 -5.32315e-14 
174500 -6.43066e-15 -9.92416e-14 -5.04041e-14 
174600 -7.57419e-15 -9.93773e-14 -5.36608e-14 
174700 -6.6416e-15 -9.74282e-14 -5.33351e-14 
174800 -8.23045e-15 -9.67276e-14 -5.23482e-14 
174900 -1.06483e-14 -9.43714e-14 -5.21459e-14 
175000 -8.44756e-15 -9.3899e-14 -4.87857e-14 
175100 -1.05002e-14 -9.48056e-14 -5.32192e-14 
175200 -9.27653e-15 -9.36041e-14 -4.82507e-14 
175300 -5.1613e-15 -9.53509e-14 -5.22348e-14 
175400 -6.33567e-15 -9.35252e-14 -4.8988e-14 
175500 -8.48704e-16 -9.4443e-14 -5.60169e-14 
175600 -2.78296e-15 -9.5193e-14 -5.1922e-14 
175700 2.46716e-16 -9.49413e-14 -5.13367e-14 
175800 1.05101e-15 -9.66144e-14 -5.33697e-14 
175900 -1.30143e-16 -9.48525e-14 -5.64684e-14 
176000 8.01828e-16 -9.80623e-14 -5.61724e-14 
176100 -1.4729e-15 -9.58641e-14 -5.47907e-14 
176200 -1.45563e-15 -1.00986e-13 -5.28565e-14 
176300 -1.83063e-15 -1.01321e-13 -5.69914e-14 
176400 -6.04455e-15 -1.02619e-13 -5.64092e-14 
176500 -6.21725e-16 -1.02871e-13 -5.38236e-14 
176600 -4.06095e-15 -1.02338e-13 -5.4771e-14 
176700 8.36368e-16 -1.02506e-13 -5.54322e-14 
176800 -3.73035e-15 -1.0397e-13 -5.64487e-14 
176900 -3.87838e-15 -1.0597e-13 -5.66757e-14 
177000 -7.18438e-15 -1.03433e-13 -5.53138e-14 
177100 -4.53464e-15 -1.02438e-13 -5.61724e-14 
177200 -5.25999e-15 -1.0184e-13 -5.65474e-14 
177300 -8.09353e-15 -1.01617e-13 -5.95573e-14 
177400 -8.64093e-15 -1.03957e-13 -5.69421e-14 
177500 -9.49364e-15 -1.01937e-13 -5.91329e-14 
177600 -9.7897e-15 -1.04373e-13 -5.48105e-14 
177700 -9.68114e-15 -1.023e-13 -5.53039e-14 
177800 -1.00068e-14 -1.05116e-13 -6.60213e-14 
177900 -9.45417e-15 -1.06769e-13 -5.98336e-14 
178000 -1.05348e-14 -1.05772e-13 -5.64684e-14 
178100 -7.8061e-15 -1.0816e-13 -5.61279e-14 
178200 -8.29953e-15 -1.07055e-13 -5.48697e-14 
178300 -9.41963e-15 -1.06389e-13 -5.73689e-14 
178400 -8.67208e-15 -1.05873e-13 -6.20787e-14 
178500 -8.10216e-15 -1.07075e-13 -5.60786e-14 
178600 -1.09542e-14 -1.08849e-13 -5.97177e-14 
178700 -1.00463e-14 -1.06586e-13 -5.81263e-14 
178800 -8.93113e-15 -1.06438e-13 -5.68385e-14 
178900 -1.16573e-14 -1.07124e-13 -5.86889e-14 
179000 -1.19466e-14 -1.05728e-13 -5.76132e-14 
179100 -1.45365e-14 -1.0631e-13 -5.72283e-14 
179200 -1.24937e-14 -1.04516e-13 -6.0554e-14 
179300 -1.67175e-14 -1.06729e-13 -5.76921e-14 
179400 -1.58293e-14 -1.09843e-13 -5.80869e-14 
179500 -1.24592e-14 -1.10746e-13 -5.85359e-14 
179600 -1.61574e-14 -1.0988e-13 -5.93106e-14 
179700 -1.57565e-14 -1.08121e-13 -6.01642e-14 
179800 -1.71196e-14 -1.08612e-13 -5.48302e-14 
179900 -1.8632e-14 -1.0597e-13 -5.42184e-14 
180000 -1.77438e-14 -1.07784e-13 -5.63006e-14 
180100 -1.97151e-14 -1.07563e-13 -5.75244e-14 
180200 -1.78228e-14 -1.05881e-13 -6.07119e-14 
180300 -1.54444e-14 -1.10302e-13 -6.39112e-14 
180400 -1.65596e-14 -1.07909e-13 -6.20738e-14 
180500 -1.76562e-14 -1.06818e-13 -6.39933e-14 
180600 -1.89108e-14 -1.08149e-13 -5.72104e-14 
180700 -1.87406e-14 -1.07561e-13 -6.6041e-14 
180800 -1.75662e-14 -1.07711e-13 -6.57252e-14 
180900 -1.5928e-14 -1.08545e-13 -6.14916e-14 
181000 -1.65769e-14 -1.09912e-13 -5.96757e-14 
181100 -1.85037e-14 -1.08881e-13 -5.82349e-14 
181200 -2.25005e-14 -1.10016e-13 -6.06231e-14 
181300 -2.31716e-14 -1.04988e-13 -5.7502e-14 
181400 -2.07291e-14 -1.07331e-13 -5.86148e-14 
181500 -2.04182e-14 -1.09797e-13 -5.97744e-14 
181600 -2.07538e-14 -1.05062e-13 -5.78155e-14 
181700 -2.35565e-14 -1.06453e-13 -5.91132e-14 
181800 -2.25129e-14 -1.0897e-13 -5.93562e-14 
181900 -2.51552e-14 -1.07943e-13 -6.46989e-14 
182000 -2.29446e-14 -1.09216e-13 -5.80129e-14 
182100 -2.62111e-14 -1.12049e-13 -5.97941e-14 
182200 -2.39672e-14 -1.11674e-13 -6.24439e-14 
182300 -2.01074e-14 -1.08965e-13 -5.88171e-14 
182400 -2.23031e-14 -1.09394e-13 -5.93895e-14 
182500 -2.47678e-14 -1.07134e-13 -5.82053e-14 
182600 -2.07834e-14 -1.08318e-13 -6.11955e-14 
182700 -2.70968e-14 -1.11032e-13 -5.84076e-14 
182800 -2.47555e-14 -1.08876e-13 -5.87157e-14 
182900 -2.51354e-14 -1.10266e-13 -5.83435e-14 
183000 -2.20663e-14 -1.09503e-13 -5.70704e-14 
183100 -2.61174e-14 -1.12976e-13 -5.39248e-14 
183200 -3.18165e-14 -1.14237e-13 -5.32266e-14 
183300 -2.99427e-14 -1.09414e-13 -5.51232e-14 
183400 -2.67835e-14 -1.1269e-13 -5.6387e-14 
183500 -2.68674e-14 -1.11151e-13 -5.13268e-14 
183600 -2.50491e-14 -1.12858e-13 -5.31427e-14 
183700 -2.87005e-14 -1.12848e-13 -4.92347e-14 
183800 -2.84316e-14 -1.10213e-13 -5.4396e-14 
183900 -2.93592e-14 -1.11131e-13 -5.39716e-14 
184000 -2.71301e-14 -1.10134e-13 -5.59158e-14 
184100 -2.63148e-14 -1.07687e-13 -5.27035e-14 
184200 -2.95319e-14 -1.07946e-13 -5.4317e-14 
184300 -2.95418e-14 -1.10341e-13 -5.45588e-14 
184400 -2.72079e-14 -1.06019e-13 -5.74947e-14 
184500 -2.85599e-14 -1.07512e-13 -5.84397e-14 
184600 -2.78888e-14 -1.0591e-13 -6.09883e-14 
184700 -2.87178e-14 -1.08318e-13 -5.96017e-14 
184800 -3.14502e-14 -1.08395e-13 -5.76329e-14 
184900 -3.1481e-14 -1.09739e-13 -5.91601e-14 
185000 -3.16882e-14 -1.11259e-13 -6.1235e-14 
185100 -3.14218e-14 -1.09567e-13 -6.24932e-14 
185200 -3.22211e-14 -1.04793e-13 -5.98139e-14 
185300 -3.15797e-14 -1.08506e-13 -5.98238e-14 
185400 -3.18313e-14 -1.07035e-13 -5.78648e-14 
185500 -3.30402e-14 -1.04726e-13 -6.17383e-14 
185600 -3.09086e-14 -1.03818e-13 -6.33863e-14 
185700 -3.27343e-14 -1.03167e-13 -6.13929e-14 
185800 -3.19744e-14 -1.0143e-13 -6.15261e-14 
185900 -3.41406e-14 -1.02086e-13 -6.17432e-14 
186000 -3.44515e-14 -1.02266e-13 -6.0324e-14 
186100 -3.49696e-14 -1.02572e-13 -6.3147e-14 
186200 -3.60403e-14 -9.95747e-14 -6.00606e-14 
186300 -3.23297e-14 -1.02925e-13 -6.09142e-14 
186400 -3.32277e-14 -1.01114e-13 -6.29028e-14 
186500 -3.4037e-14 -9.96043e-14 -5.86605e-14 
186600 -3.29909e-14 -1.03344e-13 -6.35541e-14 
186700 -3.14119e-14 -1.02338e-13 -6.11807e-14 
186800 -3.40419e-14 -1.00275e-13 -6.21799e-14 
186900 -3.36965e-14 -1.00206e-13 -6.38255e-14 
187000 -3.29761e-14 -1.00187e-13 -6.40771e-14 
187100 -3.35583e-14 -9.87543e-14 -6.75262e-14 
187200 -3.35633e-14 -9.92539e-14 -6.67417e-14 
187300 -3.10961e-14 -9.74726e-14 -5.95474e-14 
187400 -3.03165e-14 -9.6392e-14 -6.46594e-14 
187500 -2.94184e-14 -9.72006e-14 -6.21528e-14 
187600 -3.14613e-14 -9.72161e-14 -6.44324e-14 
187700 -3.11652e-14 -9.76305e-14 -6.98602e-14 
187800 -3.32857e-14 -9.81338e-14 -6.36787e-14 
187900 -3.38889e-14 -1.00138e-13 -6.05152e-14 
188000 -3.30168e-14 -1.0159e-13 -6.49554e-14 
188100 -3.16093e-14 -1.00384e-13 -6.42646e-14 
188200 -3.38889e-14 -1.02131e-13 -6.48518e-14 
188300 -3.22804e-14 -9.98504e-14 -6.65344e-14 
188400 -3.01166e-14 -1.02464e-13 -6.81973e-14 
188500 -3.15106e-14 -1.05565e-13 -6.95148e-14 
188600 -3.00007e-14 -1.02864e-13 -7.25938e-14 
188700 -2.74348e-14 -9.97523e-14 -7.43701e-14 
188800 -2.99415e-14 -1.04731e-13 -7.75281e-14 
188900 -2.72572e-14 -1.06187e-13 -7.35609e-14 
189000 -2.85796e-14 -1.0444e-13 -7.43701e-14 
189100 -2.64973e-14 -1.08535e-13 -7.50412e-14 
189200 -2.79431e-14 -1.03275e-13 -7.56728e-14 
189300 -2.70352e-14 -1.0948e-13 -7.47451e-14 
189400 -2.76914e-14 -1.08286e-13 -7.54063e-14 
189500 -2.7119e-14 -1.12115e-13 -7.37188e-14 
189600 -2.81849e-14 -1.11272e-13 -7.50609e-14 
189700 -3.10529e-14 -1.12609e-13 -7.14293e-14 
189800 -2.95714e-14 -1.11486e-13 -7.57221e-14 
189900 -3.04152e-14 -1.112e-13 -7.47057e-14 
190000 -2.95467e-14 -1.11215e-13 -7.58702e-14 
190100 -3.20497e-14 -1.11528e-13 -7.84163e-14 
190200 -2.96257e-14 -1.14802e-13 -7.60972e-14 
190300 -2.92309e-14 -1.15749e-13 -7.24013e-14 
190400 -2.95615e-14 -1.14304e-13 -7.92847e-14 
190500 -3.27738e-14 -1.16243e-13 -7.91466e-14 
190600 -3.52928e-14 -1.16822e-13 -7.41678e-14 
190700 -3.48339e-14 -1.16366e-13 -7.75182e-14 
190800 -3.56924e-14 -1.15962e-13 -7.81794e-14 
190900 -3.84877e-14 -1.1755e-13 -7.5505e-14 
191000 -3.41357e-14 -1.16761e-13 -7.38175e-14 
191100 -3.76884e-14 -1.15029e-13 -7.47994e-14 
191200 -3.68298e-14 -1.15759e-13 -7.26357e-14 
191300 -3.64499e-14 -1.13105e-13 -7.54199e-14 
191400 -3.55913e-14 -1.13879e-13 -7.57419e-14 
191500 -3.78167e-14 -1.17486e-13 -7.40099e-14 
191600 -3.85864e-14 -1.14437e-13 -7.7163e-14 
191700 -3.9218e-14 -1.16164e-13 -7.31859e-14 
191800 -3.72147e-14 -1.13988e-13 -7.37089e-14 
191900 -4.06835e-14 -1.15064e-13 -7.51502e-14 
192000 -3.93216e-14 -1.13159e-13 -7.6482e-14 
192100 -3.9598e-14 -1.13128e-13 -7.85836e-14 
192200 -4.10141e-14 -1.14763e-13 -7.96918e-14 
192300 -4.26128e-14 -1.15765e-13 -7.68521e-14 
192400 -4.10931e-14 -1.15374e-13 -8.23588e-14 
192500 -4.25536e-14 -1.14091e-13 -7.62131e-14 
192600 -4.38365e-14 -1.10785e-13 -7.64623e-14 
192700 -4.31359e-14 -1.14003e-13 -8.07737e-14 
192800 -4.27214e-14 -1.13272e-13 -8.1747e-14 
192900 -4.26751e-14 -1.16662e-13 -8.56401e-14 
193000 -4.05305e-14 -1.19026e-13 -8.17815e-14 
193100 -4.18973e-14 -1.17119e-13 -8.32525e-14 
193200 -4.16679e-14 -1.19026e-13 -8.39723e-14 
193300 -4.15668e-14 -1.21304e-13 -8.41845e-14 
193400 -4.06095e-14 -1.22046e-13 -8.83145e-14 
193500 -4.23032e-14 -1.2018e-13 -9.26074e-14 
193600 -4.01383e-14 -1.21868e-13 -9.12196e-14 
193700 -4.43762e-14 -1.19707e-13 -9.09791e-14 
193800 -4.56129e-14 -1.19608e-13 -8.84428e-14 
193900 -4.02147e-14 -1.19275e-13 -8.7757e-14 
194000 -3.98348e-14 -1.19223e-13 -8.75762e-14 
194100 -4.03282e-14 -1.2023e-13 -8.78236e-14 
194200 -4.30076e-14 -1.1741e-13 -8.74708e-14 
194300 -4.29878e-14 -1.19993e-13 -8.7451e-14 
194400 -4.03578e-14 -1.19519e-13 -8.56056e-14 
194500 -4.38612e-14 -1.20782e-13 -8.2043e-14 
194600 -4.37132e-14 -1.21078e-13 -8.81369e-14 
194700 -4.43102e-14 -1.22549e-13 -8.5122e-14 
194800 -4.35997e-14 -1.23005e-13 -8.6173e-14 
194900 -4.68366e-14 -1.22115e-13 -8.25562e-14 
195000 -4.42115e-14 -1.17654e-13 -8.06022e-14 
195100 -4.5307e-14 -1.2095e-13 -8.25167e-14 
195200 -4.46754e-14 -1.20627e-13 -8.63112e-14 
195300 -4.36688e-14 -1.2209e-13 -8.34493e-14 
195400 -4.34418e-14 -1.24335e-13 -8.42487e-14 
195500 -4.79814e-14 -1.22741e-13 -8.62125e-14 
195600 -4.90965e-14 -1.21217e-13 -8.45497e-14 
195700 -4.69353e-14 -1.2142e-13 -8.39921e-14 
195800 -4.99502e-14 -1.24853e-13 -8.36713e-14 
195900 -5.10086e-14 -1.20437e-13 -8.31335e-14 
196000 -4.93531e-14 -1.21404e-13 -8.30743e-14 
196100 -4.66688e-14 -1.21977e-13 -8.34e-14 
196200 -5.15884e-14 -1.2001e-13 -8.40118e-14 
196300 -4.91705e-14 -1.19354e-13 -8.31434e-14 
196400 -4.90176e-14 -1.16485e-13 -8.12683e-14 
196500 -5.0406e-14 -1.17851e-13 -8.20776e-14 
196600 -4.6205e-14 -1.19717e-13 -8.09032e-14 
196700 -4.6659e-14 -1.1514e-13 -8.23637e-14 
196800 -4.74189e-14 -1.17437e-13 -7.88308e-14 
196900 -4.8262e-14 -1.1348e-13 -8.1515e-14 
197000 -5.24198e-14 -1.13712e-13 -8.17322e-14 
197100 -5.15736e-14 -1.15463e-13 -8.39033e-14 
197200 -5.17117e-14 -1.14822e-13 -8.05479e-14 
197300 -5.18351e-14 -1.16413e-13 -8.33358e-14 
197400 -5.09592e-14 -1.18146e-13 -7.58652e-14 
197500 -5.27627e-14 -1.20047e-13 -7.86877e-14 
197600 -5.35078e-14 -1.19379e-13 -8.11795e-14 
197700 -5.26591e-14 -1.19455e-13 -8.55871e-14 
197800 -5.24617e-14 -1.19324e-13 -8.20973e-14 
197900 -5.20867e-14 -1.19549e-13 -8.25512e-14 
198000 -5.29404e-14 -1.1947e-13 -8.05714e-14 
198100 -5.26591e-14 -1.18888e-13 -8.08736e-14 
198200 -5.36632e-14 -1.17062e-13 -8.2344e-14 
198300 -4.80751e-14 -1.1831e-13 -8.22256e-14 
198400 -4.87067e-14 -1.18202e-13 -8.23934e-14 
198500 -4.82639e-14 -1.19786e-13 -8.25414e-14 
198600 -4.83811e-14 -1.19697e-13 -8.42684e-14 
198700 -4.61853e-14 -1.18999e-13 -8.37848e-14 
198800 -5.19486e-14 -1.21256e-13 -8.60151e-14 
198900 -4.97331e-14 -1.19983e-13 -8.65727e-14 
199000 -4.82676e-14 -1.20008e-13 -8.72709e-14 
199100 -4.72314e-14 -1.20565e-13 -8.52676e-14 
199200 -4.85636e-14 -1.19874e-13 -8.11999e-14 
199300 -5.24099e-14 -1.17545e-13 -7.93538e-14 
199400 -5.06256e-14 -1.20068e-13 -8.2423e-14 
199500 -5.18696e-14 -1.16124e-13 -7.99558e-14 
199600 -5.09518e-14 -1.11857e-13 -8.89856e-14 
199700 -4.84625e-14 -1.14793e-13 -8.99823e-14 
199800 -5.05127e-14 -1.1441e-13 -8.89474e-14 
199900 -4.94728e-14 -1.15532e-13 -8.84428e-14 
