0.866583 0.937834 13.7182	63.6591 80.315 143.404
2.93411 2.88965 13.661	10.4179 118.154 -150.375
0.915932 4.86317 13.6704	-19.4833 19.2219 47.785
2.98259 6.88276 13.7091	-68.9044 -220.415 -10.1251
1.02357 8.81414 13.7175	81.1208 80.8583 81.9935
2.97859 10.815 13.7082	-10.9477 55.4873 -2.2198
4.86702 0.916539 13.6842	-44.3634 -62.2234 55.2768
6.93357 2.85803 13.6315	-42.5068 103.909 40.517
4.93758 4.89459 13.5889	-45.4035 -0.281279 -51.1161
6.92174 6.79135 13.6942	71.6936 89.6712 45.2197
4.98838 8.83675 13.7659	-58.7788 -14.0379 -71.5231
6.88273 10.7864 13.673	-115.885 -10.0685 -162.226
8.8887 0.91822 13.6414	-66.0826 -25.6129 7.47215
10.7672 2.85513 13.7515	-51.2157 39.3372 -80.954
8.8589 4.84875 13.6999	-83.859 24.224 21.7544
10.7693 6.83322 13.784	-29.2157 -27.9753 -131.378
8.76863 8.79631 13.6274	-94.6919 38.4341 -111.274
10.7355 10.7447 13.6325	18.5053 71.9108 93.1235
0.929899 2.90404 15.658	32.0064 28.5912 -52.029
2.94834 0.957474 15.6289	-94.7525 53.2466 -93.4894
1.1108 6.82479 15.6729	-112.584 -67.4501 26.7677
2.97858 4.80985 15.5962	-36.5232 122.569 29.3241
0.965717 10.8206 15.6559	99.5144 -156.04 -128.991
3.00722 8.85734 15.6806	-14.9571 65.729 -129.835
4.92595 2.90468 15.6624	46.7184 -29.9983 -198.377
6.87447 0.994436 15.6859	-79.8385 30.8438 -80.1242
4.93735 6.83545 15.6843	196.694 21.7263 121.55
6.83219 4.85218 15.7009	32.9608 -166.259 -39.1739
4.93906 10.852 15.6881	86.9587 -9.75563 19.2383
6.90536 8.85004 15.7105	-17.4559 43.2598 62.555
8.85443 2.86317 15.675	-175.049 91.6601 -23.8918
10.7848 0.921845 15.6959	134.08 147.697 57.516
8.80665 6.82598 15.6732	186.84 -67.2488 117.343
10.8088 4.86111 15.7278	-41.1013 -58.3298 22.1779
8.8652 10.8126 15.6881	-7.82234 -20.1184 -60.5041
10.7272 8.79234 15.6832	-25.6107 46.5728 122.559
0.9138 0.941265 17.5842	-69.635 -152.549 -86.127
2.96314 2.90209 17.5542	133.363 127.818 21.6751
1.08139 4.90973 17.6079	-172.817 -79.6855 -107.432
2.98146 6.86936 17.6304	-8.02697 -57.2616 150.753
1.05166 8.80851 17.6329	23.0001 21.1432 -53.8189
2.95425 10.8247 17.618	65.3302 50.0262 53.3919
4.87926 0.938819 17.6257	-48.5749 13.819 -114.166
6.8718 2.9264 17.6721	91.9814 5.2691 110.435
4.93682 4.80775 17.6085	41.2929 10.908 154.336
6.85001 6.87119 17.6201	-22.8302 22.7102 -6.74909
4.91192 8.86893 17.6281	-166.837 51.7533 55.7192
6.85317 10.8296 17.6163	56.1078 -85.6053 -39.3917
8.84355 0.980609 17.6836	106.798 7.4111 52.7632
10.751 2.86668 17.6681	135.491 87.8322 84.47
8.84426 4.83044 17.7072	-185.488 26.2993 -74.4958
10.7802 6.8063 17.6396	-34.1958 -90.4047 -91.0096
8.77906 8.80123 17.6254	29.7578 62.5729 33.1515
10.8043 10.8349 17.5689	-66.4585 97.8304 255.909
0.94863 2.91002 19.5395	8.30218 -44.653 -75.4749
2.87402 0.986889 19.5504	56.8935 -72.7959 67.8855
1.02028 6.86073 19.5742	6.49155 51.4454 38.0695
2.94502 4.78668 19.5806	3.92854 76.9252 47.3235
1.01193 10.7682 19.5382	46.4505 -38.438 116.052
2.95131 8.86558 19.5228	-81.6982 -43.3162 60.2381
4.9074 2.85909 19.622	-77.4803 17.2807 8.52066
6.88602 0.951797 19.6223	-11.7127 -40.9308 48.4548
4.89854 6.81763 19.5291	-134.932 12.7423 16.449
6.86432 4.89846 19.5645	108.744 8.29136 -0.956413
4.91987 10.8136 19.6223	5.01339 111.913 20.2068
6.8297 8.81681 19.5994	-6.34161 80.4481 -42.2068
8.81885 2.95581 19.6692	-54.2283 96.0955 -44.4905
10.7869 0.935057 19.6811	-167.13 -122.702 -62.9641
8.79195 6.86471 19.6557	-130.432 21.014 192.027
10.7224 4.86784 19.6037	52.5991 -105.011 -45.9843
8.81294 10.7958 19.5912	-8.82082 57.2849 1.19089
10.7181 8.8201 19.5271	28.5568 87.9813 -37.88
0.909346 0.967278 21.637	118.021 -2.649 -44.8496
2.99268 2.89011 21.5405	48.7107 79.426 -140.257
1.03278 4.8957 21.5262	-51.5265 -4.04027 116.689
2.97301 6.8269 21.5086	-201.133 10.614 -66.1197
1.03045 8.80866 21.5546	-75.4458 60.407 48.3183
2.93106 10.805 21.5575	-120.075 5.01424 5.844
4.93754 0.951763 21.5479	-22.2642 31.5777 22.9176
6.85588 2.92983 21.5988	22.3498 90.3028 -160.969
4.97236 4.90473 21.578	-92.6834 -82.1011 40.4579
6.80609 6.87959 21.5771	100.454 27.1914 66.0687
4.91938 8.87976 21.5177	-134.098 156.703 51.9321
6.91034 10.8322 21.5708	-15.7155 45.3896 37.2789
8.84083 0.903223 21.6101	-91.3667 -102.108 14.3273
10.7458 2.89777 21.6421	53.9682 40.5197 -144.209
8.84132 4.86568 21.6625	-63.2392 170.211 -20.8466
10.7938 6.86385 21.5945	-102.046 9.35114 -10.4042
8.79241 8.78581 21.5795	26.7044 -6.33763 17.1197
10.7547 10.7993 21.6551	-74.9054 71.7977 100.451
1.02564 12.7081 13.6178	-13.7819 115.442 -75.6801
2.95141 14.7603 13.7198	-182.085 12.539 -30.2188
0.95845 16.6812 13.7045	71.4086 -101.27 54.0898
2.90852 18.7426 13.7688	-64.572 38.2369 98.0993
0.96602 20.6278 13.7163	-142.986 62.4054 64.8782
2.89672 22.6214 13.7536	-16.7841 2.21394 190.702
4.94087 12.7652 13.7425	5.49541 -5.42589 -13.1891
6.89034 14.6715 13.5614	66.2852 139.845 -21.1244
4.90313 16.7061 13.6642	46.3695 2.85026 126.31
6.83613 18.7326 13.7136	-116.429 9.02398 -40.0848
4.90429 20.7168 13.7695	-89.488 170.148 167.656
6.86802 22.5621 13.7519	39.2667 188.417 209.02
8.87882 12.736 13.569	-107.274 -7.04775 11.3577
10.7397 14.835 13.7689	-228.468 -19.1231 -91.1725
8.71504 16.7062 13.6659	-51.0868 35.735 -18.1874
10.7267 18.6002 13.6555	127.158 19.1889 70.549
8.80607 20.6101 13.6261	-1.46733 -59.6414 75.7899
10.7958 22.55 13.6697	-67.7936 79.8657 140.499
0.970666 14.6896 15.6782	-130.581 96.7248 -9.90818
2.92397 12.815 15.6853	-74.8123 -72.2109 38.0423
0.976567 18.6633 15.7282	178.698 43.7146 -0.0608086
2.95002 16.7483 15.6538	30.8607 -58.0222 -122.373
1.00234 22.5628 15.7323	97.1952 -104.613 -51.2392
2.93645 20.6709 15.7149	21.1617 -52.9507 -84.3608
4.9425 14.7626 15.6322	-88.409 -16.7263 -101.93
6.87815 12.7494 15.653	1.35135 2.163 5.3556
4.93815 18.7016 15.6922	53.5103 -105.777 95.5309
6.8718 16.7055 15.6234	-61.619 19.5311 -101.278
4.88941 22.5743 15.7094	56.506 2.51062 51.7905
6.87142 20.5811 15.713	46.7372 -32.3015 -80.5245
8.74859 14.6664 15.6929	5.80266 14.672 74.76
10.7633 12.8263 15.6812	76.856 -4.52184 2.67755
8.80234 18.6496 15.6872	-32.9323 43.7794 -25.9046
10.7013 16.669 15.7223	-117.746 -30.8342 -126.606
8.81425 22.5652 15.61	-30.6467 -230.302 113.747
10.7654 20.5182 15.6511	-45.0081 -55.2931 20.781
0.972907 12.8135 17.6005	-50.6442 -1.83752 -155.871
2.96429 14.7236 17.5958	-18.3266 19.184 -79.8597
1.05065 16.6974 17.639	-2.06674 -22.2949 -70.6127
2.90977 18.7061 17.6228	103.657 41.0347 -115.518
0.987497 20.6346 17.68	123.537 32.8674 48.9051
2.92927 22.531 17.6714	-102.775 11.9081 -107.07
4.8975 12.8386 17.6734	-125.581 -133.148 -43.3689
6.86557 14.7227 17.6442	-9.49359 -57.4426 7.21581
4.90549 16.7667 17.5516	37.3471 -77.8184 149.936
6.83643 18.6551 17.6066	-46.3562 110.784 -33.0221
4.92075 20.5977 17.6646	-199.714 -20.5693 -2.22474
6.86418 22.5409 17.6662	83.2114 -60.9789 -64.6614
8.82715 12.7506 17.6409	-146.5 -82.4991 45.114
10.767 14.7189 17.6642	9.91073 -41.5197 140.858
8.74641 16.6909 17.6521	26.5369 113.852 83.6305
10.815 18.6648 17.7244	78.8583 24.3803 26.8024
8.82185 20.6367 17.6511	50.3239 105.473 157.033
10.8241 22.5574 17.5978	-2.23407 -75.8691 -47.0736
0.946429 14.7557 19.5617	-84.63 -1.62159 13.4441
2.91815 12.7838 19.5867	-4.40573 18.4701 -19.4059
1.00011 18.73 19.6306	89.2881 -119.508 23.7396
2.90787 16.703 19.608	-51.5978 66.8509 151.358
0.969427 22.5998 19.6292	-87.3444 21.434 49.7306
2.96649 20.6104 19.6645	75.0543 70.5676 13.4522
4.84396 14.7593 19.6022	18.2925 -64.3494 -26.6964
6.84199 12.7623 19.5364	12.0707 -29.5035 -53.4529
4.83278 18.6541 19.6515	-97.7806 -15.1859 35.7757
6.74723 16.7344 19.5721	109.536 -1.92281 -100.103
4.94355 22.5703 19.6256	126.789 40.4445 -89.4923
6.87974 20.6023 19.5766	-3.13556 48.4142 -15.397
8.80259 14.7457 19.599	-38.4105 1.91079 232.905
10.7366 12.7352 19.554	13.2597 175.841 -22.7396
8.79791 18.6545 19.6081	129.902 74.5151 24.0799
10.754 16.7312 19.5537	88.3146 13.626 44.9301
8.85039 22.587 19.5949	-103.491 129.324 -107.389
10.8001 20.6153 19.6283	155.129 13.8127 -165.652
1.06087 12.6966 21.5656	-94.7214 -21.5411 48.208
2.92375 14.7856 21.5823	175.334 -176.987 7.58235
0.868981 16.7128 21.6138	-106.269 76.1956 -114.484
2.88771 18.5679 21.5773	205.165 -72.0363 69.9494
0.984524 20.6529 21.6698	47.2863 -161.745 -73.0976
2.97949 22.637 21.5316	36.177 16.1852 -115.118
4.87743 12.7964 21.5721	-157.128 -38.7834 -62.7889
6.79043 14.7226 21.52	76.1307 3.63314 46.4424
4.89147 16.6548 21.6454	7.1452 165.178 -50.5544
6.84183 18.6763 21.5899	-47.2919 21.9593 25.4016
4.95144 20.6133 21.6103	-84.6999 -25.1561 -81.0742
6.91061 22.5683 21.5694	2.12407 -31.4887 -142.475
8.80979 12.8453 21.5888	104.29 -69.655 112.193
10.7765 14.7387 21.4851	-89.8444 -1.20204 181.481
8.75001 16.6182 21.5506	-42.4797 5.83547 -137.37
10.7343 18.6107 21.5844	-28.8881 -31.1468 30.1878
8.80423 20.6216 21.5499	108.631 -8.43118 123.545
10.7873 22.5537 21.5752	-87.3915 65.893 107.771
1.02929 24.5747 13.7755	16.6878 -182.49 -110.351
2.95891 26.4946 13.6698	113.48 -41.3641 -25.4041
0.965683 28.4632 13.7328	6.23272 38.0353 -169.484
2.94576 30.4036 13.6451	-45.1659 25.0585 1.78294
0.929059 32.3059 13.607	-40.0565 157.239 46.8362
2.95823 34.2649 13.7093	-240.921 -125.397 -52.9307
4.96814 24.522 13.7169	-49.3315 70.4257 57.7881
6.90971 26.4875 13.7174	-5.59639 17.4488 -6.05588
4.8709 28.4179 13.6823	0.525496 14.3388 -29.3928
6.83259 30.3626 13.7772	-31.3005 -32.4113 -14.6611
4.94889 32.3898 13.6676	37.048 -66.7484 3.99565
6.86477 34.3047 13.734	7.36399 -85.2957 82.1756
8.80193 24.5063 13.7116	48.4338 59.4385 -19.9168
10.7645 26.4159 13.5888	55.0286 -18.2148 -54.7367
8.82359 28.461 13.6729	-17.584 -78.1741 223.502
10.8135 30.398 13.7264	45.6947 22.5325 227.175
8.76103 32.3343 13.7333	104.712 -91.3042 96.0132
10.8091 34.2318 13.7646	-18.672 -4.19205 3.86435
0.970344 26.5814 15.6985	-37.9127 28.1921 72.3563
2.96143 24.5154 15.7614	22.4708 -117.162 97.9905
0.98083 30.4053 15.6585	-184.581 -101.358 142.965
2.94547 28.5267 15.6727	-28.1744 -130.987 -75.7167
0.98934 34.2568 15.6513	-135.372 -109.166 25.9546
2.97278 32.3792 15.6507	23.4934 18.1857 -53.488
4.93414 26.4891 15.6389	34.6585 -68.5134 -34.7376
6.80443 24.4803 15.712	-15.9863 -61.855 122.988
4.85025 30.4273 15.7125	90.0765 -26.1988 45.5284
6.86333 28.4566 15.7192	43.8098 -57.9722 -46.5266
4.9193 34.3263 15.7409	177.611 8.95562 25.8048
6.87381 32.3499 15.731	121.58 -47.8032 15.9511
8.83736 26.4443 15.6941	-44.388 -10.3129 -80.7847
10.7483 24.5098 15.6208	-29.9989 -188.283 -39.6852
8.84049 30.4034 15.7346	-62.7916 -172.891 74.2957
10.782 28.4406 15.657	-124.107 97.363 72.1543
8.87662 34.2743 15.7012	-14.5462 -4.66314 -123.432
10.8461 32.33 15.7436	-73.3535 -29.6424 37.5007
0.99469 24.589 17.6535	-154.206 -168.376 -23.4558
2.97565 26.5407 17.6556	-23.1323 89.0393 1.05251
0.92859 28.4635 17.6786	-0.993629 140.897 205.799
2.90786 30.4376 17.6237	23.7471 53.1647 -20.7117
0.941527 32.3356 17.6114	88.4274 58.3258 76.0014
2.94861 34.2736 17.6478	65.3233 -38.6077 75.9362
4.86113 24.5587 17.6759	-24.0297 28.6769 3.77438
6.85132 26.4607 17.6292	6.972 34.2432 -71.3484
4.87406 28.3997 17.6473	33.9306 -52.1988 -57.0522
6.83513 30.3825 17.6698	105.097 -13.965 14.3618
4.87936 32.3464 17.6703	-24.1699 -111.096 -138.529
6.82544 34.2889 17.6831	51.5852 -76.8928 -48.3356
8.82498 24.4781 17.564	-23.8901 -53.0819 -23.0196
10.7658 26.4598 17.6265	33.3421 -37.2561 -44.1886
8.83697 28.4376 17.6622	-22.6392 -88.6671 -37.9207
10.8182 30.3699 17.6954	113.237 16.497 52.3596
8.84135 32.3746 17.6887	-63.3461 -139.233 -2.95876
10.8936 34.2739 17.6155	-94.7849 -83.6077 28.388
0.923101 26.4757 19.7098	84.4463 -134.092 -2.80815
2.86183 24.5356 19.6178	-86.0449 -122.064 -7.83042
0.985451 30.3728 19.6016	-123.143 16.8078 62.2183
2.95956 28.441 19.6075	-20.7077 113.305 -174.154
0.9718 34.3255 19.5368	-10.2607 -60.5706 -49.0661
2.95109 32.3632 19.6493	-16.1721 162.269 103.176
4.89792 26.5292 19.6555	52.4707 32.4961 -49.8867
6.8613 24.5629 19.594	-21.9918 -97.1035 36.5112
4.89601 30.4066 19.5533	43.5556 46.0309 -52.1317
6.83943 28.4101 19.5838	96.8248 -0.384679 47.0984
4.94709 34.288 19.6455	-82.369 1.31795 -8.51488
6.8617 32.3476 19.6307	38.9318 54.4844 39.0389
8.85552 26.4817 19.5834	63.4282 -50.4701 1.72505
10.8151 24.5026 19.634	72.752 -54.8495 -173.875
8.84486 30.3975 19.601	-31.0209 77.6083 -261.448
10.7837 28.4394 19.634	23.5903 57.9464 38.7764
8.83547 34.2876 19.5991	-112.839 -37.2374 -5.05883
10.7707 32.3102 19.597	48.6901 -45.112 -106.304
0.968742 24.5374 21.7047	-83.2935 -42.4072 51.7211
2.99215 26.4855 21.6372	161.588 -140.697 -46.1684
1.03766 28.4404 21.6053	15.0623 63.9932 88.5627
2.93861 30.3974 21.5685	-73.5872 28.5926 -30.6454
0.999488 32.3837 21.5996	-6.96271 -4.82996 66.0936
2.97524 34.283 21.5392	-74.5421 99.2442 37.9665
4.93284 24.5719 21.6397	-22.1313 -54.5739 10.787
6.85338 26.5276 21.5849	-13.3518 -96.1904 69.8371
4.85658 28.4629 21.5869	27.3452 5.67176 -34.9319
6.86167 30.3531 21.5309	69.0599 43.7024 42.5831
4.90155 32.2968 21.7131	29.2474 -11.2733 79.1661
6.86846 34.2381 21.6228	-31.457 93.1591 91.1563
8.73478 24.5279 21.6417	91.7105 -63.1239 -81.1371
10.7598 26.4598 21.5564	-47.9523 27.326 -9.45663
8.78277 28.4795 21.6036	-97.1379 -33.6221 9.34071
10.8203 30.3741 21.5404	83.1576 -17.3497 139.468
8.82169 32.3709 21.6071	-19.2562 42.8165 -73.5138
10.8224 34.278 21.5792	-101.799 60.682 -23.025
0.95341 36.2777 13.7745	-30.2312 83.9777 212.465
2.99296 38.2124 13.7284	-57.1032 -63.7152 -87.2255
1.04736 40.1563 13.7523	10.1081 73.8412 -1.3942
2.97004 42.1577 13.6556	12.5692 -53.5431 -54.6396
0.930148 44.036 13.7058	21.6381 49.1855 -50.3302
2.90666 46.0021 13.6715	-27.8683 135.322 93.6788
4.93406 36.2195 13.7343	-70.9634 -63.0069 120.883
6.86458 38.1947 13.7627	77.6349 -56.1669 -100.997
4.95571 40.1599 13.7486	-126.46 7.28435 -159.254
6.84185 42.1533 13.6101	-0.29104 126.885 -110.711
4.94716 44.0833 13.6542	38.3624 -97.6006 131.594
6.8623 46.0449 13.6802	-58.432 18.3649 -32.1037
8.84356 36.2869 13.7902	79.7188 -0.57178 156.947
10.8725 38.176 13.7507	14.0338 122.098 -32.8229
8.90313 40.1809 13.7432	-176.222 -30.1708 -28.4752
10.851 42.0766 13.7337	49.2016 -38.5974 0.727506
8.79913 44.0752 13.7135	101.4 -36.5257 53.3483
10.8347 45.9059 13.65	-17.2948 41.0702 96.4948
1.03652 38.1825 15.7002	21.9535 130.731 133.457
2.91618 36.1891 15.7497	11.9077 -164.256 -53.5378
0.946922 42.1307 15.7165	-22.0144 -55.6408 -115.136
3.0063 40.2281 15.7087	-91.8474 34.1144 -44.8532
0.948332 45.9793 15.7016	17.0387 42.455 -67.3526
2.9744 44.12 15.6601	11.057 89.6016 -19.3186
4.92409 38.1953 15.6623	-51.0071 -111.821 -72.905
6.91857 36.2517 15.7255	-11.1814 100.483 168.772
4.95316 42.1695 15.6803	19.3344 66.6103 29.0887
6.94427 40.1236 15.7143	-6.15477 -33.5375 31.0362
4.92005 46.0816 15.6828	8.82769 11.9032 -67.9657
6.82987 44.1317 15.6958	-123.067 24.1983 91.0648
8.88966 38.1938 15.7267	97.5964 -137.262 101.645
10.8314 36.2279 15.7068	-32.6445 -22.114 -145.374
8.75115 42.1392 15.6969	-174.957 -70.3346 76.3044
10.8337 40.1196 15.6882	62.6783 -0.332308 57.643
8.78828 46.0253 15.6584	-166.006 -35.1382 -68.8114
10.7622 43.9622 15.724	-59.233 -10.2493 -29.7873
0.98314 36.1918 17.6321	52.1885 -16.9345 129.766
2.90579 38.1891 17.5952	-59.8977 2.2253 -216.67
1.01966 40.1806 17.6319	-7.71808 -22.0087 46.2227
2.99432 42.167 17.6442	169.614 -138.409 48.8788
0.94474 44.0896 17.6756	-94.3887 210.119 -109.803
2.94442 46.0892 17.6419	111.719 125.329 93.2247
4.8375 36.2272 17.6718	69.7504 -127.748 127.259
6.8718 38.1889 17.6566	-51.8476 -82.1675 147.13
4.93269 40.1438 17.6347	40.8801 64.2365 75.736
6.89711 42.169 17.6758	-67.6731 64.6324 35.4281
4.91902 44.0953 17.6441	-101.212 56.6692 57.4969
6.85314 46.0323 17.6694	-60.9802 34.0291 -58.7917
8.84945 36.1844 17.6757	-109.667 136.706 -24.975
10.8217 38.1908 17.6453	37.0069 14.0408 9.35296
8.83423 40.204 17.6618	52.6561 -134.33 -8.96551
10.7782 42.1166 17.6883	18.0397 -77.6626 35.8189
8.8418 44.0647 17.6997	-107.569 -14.9458 100.047
10.7663 46.0031 17.5934	-15.8753 -27.8409 178.429
0.966458 38.1873 19.584	71.0287 -54.7864 -46.506
2.95239 36.2809 19.5947	-34.6959 -92.6061 -39.2803
1.055 42.0593 19.5406	-124.404 -8.99598 7.66071
3.00823 40.1036 19.5029	-22.5449 -140.446 -158.046
0.981974 46.0596 19.5535	187.403 98.7434 -38.1271
2.9202 44.1334 19.5863	106.232 96.7808 -49.2093
4.9202 38.1743 19.5568	-84.8321 110.9 95.6186
6.83486 36.2165 19.6577	18.0071 -26.0135 53.3338
4.9286 42.1629 19.631	42.4332 49.6008 -123.719
6.89513 40.1874 19.5145	-12.5021 32.775 41.3163
4.8588 45.9935 19.6509	30.8395 -33.4309 70.5862
6.82504 44.1057 19.6615	15.8634 -57.7107 105.017
8.73234 38.1908 19.5745	30.5898 121.955 -67.5063
10.7723 36.1835 19.5846	-45.4053 90.5068 104.423
8.82082 42.1635 19.6035	168.749 -62.2781 -20.6218
10.7681 40.2032 19.647	-40.4679 -48.6741 -29.9276
8.85289 46.005 19.6923	44.5345 -33.3685 -11.037
10.7967 44.0692 19.5863	98.7509 -6.50236 184.911
0.9025 36.2645 21.5489	7.35795 -36.1971 -133.18
2.945 38.1768 21.5297	-18.9694 120.05 9.54844
0.972943 40.1845 21.5171	80.1088 83.4868 15.4941
2.93256 42.1522 21.5391	-146.829 30.9858 -30.2763
0.951387 44.0785 21.5411	26.017 -105.93 4.22235
2.85035 46.137 21.5939	16.5094 -47.3677 -19.9436
4.89509 36.2271 21.6617	-49.5997 -3.73568 27.7231
6.831 38.2107 21.5464	-17.7748 -67.8677 -61.2846
4.9372 40.1093 21.5592	-104.686 -144.933 -71.4363
6.88788 41.9839 21.584	-114.369 -20.5521 -77.1363
4.82679 44.1163 21.6568	-36.284 -30.5953 53.4197
6.82355 46.0029 21.654	127.246 -26.2398 -55.7393
8.8735 36.24 21.5586	146.929 96.7292 -90.7345
10.7828 38.1587 21.5014	89.4031 -46.3759 -49.8537
8.86924 40.1058 21.6586	6.81602 62.4679 53.012
10.8107 42.1834 21.609	-12.6738 49.8956 113.991
8.74372 44.0484 21.6665	70.5113 9.88716 54.0833
10.8713 45.9381 21.6397	-75.0969 27.1864 -82.2519
12.6763 0.93636 13.7047	-75.7966 -110.276 123.293
14.6789 2.80607 13.7809	5.96776 -30.4663 29.1762
12.69 4.79126 13.5759	-77.2744 15.0817 -56.4911
14.6331 6.85226 13.7148	-13.0073 -75.9644 -6.07296
12.7209 8.88946 13.7055	30.1539 -110.787 58.5497
14.6564 10.8338 13.6203	-34.1562 82.4797 13.6903
16.7167 0.927042 13.733	44.2057 -28.165 -8.62251
18.5653 2.96315 13.7562	45.0145 26.1505 -21.2456
16.5502 4.88858 13.7171	-16.7134 -53.492 -76.9182
18.5636 6.79337 13.7813	22.6657 168.136 59.3791
16.6498 8.82206 13.6953	-19.6871 -156.824 -135.321
18.5783 10.7966 13.6473	-42.4472 -17.649 -78.8404
20.434 0.994226 13.7164	78.0077 -33.0695 -44.2096
22.5387 2.88562 13.7351	84.2628 -4.66368 -62.8343
20.5838 4.87247 13.6795	-94.9203 -123.096 -15.3496
22.4717 6.86116 13.6194	27.0877 -154.266 102.561
20.4785 8.84244 13.6104	-78.5729 -99.3955 59.5969
22.5061 10.7321 13.7431	-100.85 59.1953 -19.85
12.7362 2.84927 15.737	-34.4214 38.4114 -140.86
14.6776 0.920119 15.7404	3.7535 92.6717 -72.4528
12.7081 6.85084 15.7187	62.5103 156.751 140.956
14.6214 4.83332 15.7267	-164.713 22.2895 3.85362
12.7386 10.8452 15.5817	33.6156 94.5951 76.1206
14.6389 8.77057 15.6963	11.2649 87.463 141.784
16.6388 2.93192 15.6907	23.2135 40.9959 -33.2175
18.6113 1.03947 15.7748	-80.9032 54.3732 -11.1594
16.6016 6.8213 15.7373	71.5325 -118.581 -115.57
18.6127 4.86937 15.7596	-110.485 -59.1373 18.6333
16.6049 10.7863 15.7047	26.0869 100.329 -33.8619
18.6155 8.8081 15.6433	17.6362 -99.6011 200.991
20.5734 2.91654 15.68	0.0158343 -70.7138 -28.5447
22.5217 1.04866 15.6948	5.14151 72.3658 3.15825
20.5173 6.8295 15.6801	82.1629 -21.3537 25.1159
22.5038 4.97405 15.7057	-60.9006 128.486 -101.19
20.5113 10.8181 15.6527	7.66673 1.55672 42.1348
22.5039 8.78692 15.6862	90.4362 -12.3068 23.186
12.694 0.925227 17.7332	-35.3496 -52.7593 139.244
14.6735 2.92958 17.6905	100.054 8.95547 -14.8682
12.7027 4.86455 17.6891	38.3259 -0.649394 76.6716
14.6215 6.84243 17.6663	-53.1115 4.22722 241.409
12.6936 8.84807 17.6254	69.8468 -22.0163 97.934
14.6314 10.7597 17.6153	22.67 -123.917 18.5757
16.616 0.993187 17.7357	-135.573 -120.336 159.414
18.5583 2.9565 17.678	76.0382 -103.719 15.3787
16.5986 4.9337 17.7025	-2.42444 20.7036 86.5526
18.6245 6.85927 17.6213	-8.1408 39.3618 4.48745
16.6052 8.83634 17.614	-104.809 -19.0451 114.866
18.6723 10.7257 17.6296	25.813 69.4143 -104.785
20.5696 0.994116 17.6907	53.082 -17.3917 2.97529
22.5491 2.95558 17.7154	66.5224 -40.7295 -4.13616
20.6328 4.88421 17.6784	7.93366 -87.0214 -127.19
22.5201 6.84145 17.7342	134.114 3.02802 53.4705
20.5877 8.78571 17.6389	-0.636765 -97.5826 -1.76473
22.4796 10.7378 17.6842	-108.269 -129.284 -48.5889
12.7482 2.93459 19.6765	79.1541 -3.75189 20.4602
14.6778 0.920572 19.6611	-114.909 -86.4047 -54.2498
12.678 6.89571 19.5929	14.367 -145.45 64.5239
14.6736 4.93538 19.644	-155.931 65.8828 -188.548
12.7362 10.8471 19.6009	-72.3947 7.78319 -199.872
14.677 8.80412 19.5985	-106.856 -52.3051 -45.1249
16.6259 2.96483 19.6951	25.47 125.042 42.6043
18.5575 0.999238 19.66	38.0793 -69.7535 28.5505
16.6538 6.87273 19.5698	25.3317 -232.628 66.9176
18.5684 4.9176 19.6102	4.78255 -29.4843 -71.5901
16.5781 10.7696 19.4996	-24.0265 139.376 59.878
18.5722 8.78461 19.5789	-26.6898 -58.6054 -57.1909
20.5086 2.90921 19.6934	-95.3606 -180.749 51.845
22.4788 1.0373 19.6547	-73.2398 -70.4893 177.67
20.6242 6.82794 19.6217	-113.178 -21.7776 -127.474
22.5493 4.9036 19.7469	-39.5289 41.8476 -17.5929
20.5359 10.7626 19.618	81.5873 -72.8673 42.7619
22.5209 8.81735 19.648	-140.016 41.9929 -109.005
12.7258 0.9337 21.5857	47.0342 -29.3518 66.2214
14.6538 2.98537 21.5848	-25.087 -107.135 28.3766
12.7169 4.92187 21.5762	-39.9345 -76.046 101.225
14.6146 6.87802 21.563	31.1603 -125.702 -102.612
12.7131 8.85598 21.5233	-83.0589 -33.0668 -30.33
14.6512 10.8271 21.5945	-76.6185 -146.031 112.195
16.6258 1.01363 21.6388	3.2243 -24.7324 -44.8223
18.5531 3.0074 21.7179	84.0424 -185.532 -77.0288
16.5958 4.9579 21.6461	31.7686 74.8587 -34.9621
18.5688 6.85669 21.5386	-38.6359 106.307 92.2926
16.5865 8.8649 21.5688	144.502 -19.0563 5.36559
18.5248 10.7904 21.5027	53.5426 30.8821 111.855
20.4263 0.932599 21.6925	-61.8675 -8.98073 177.268
22.4802 2.87946 21.6726	-10.9377 28.7868 66.1732
20.5426 4.8895 21.6358	-49.9176 -145.158 -153.411
22.5466 6.92441 21.6196	-95.3276 -65.8157 -11.3086
20.4889 8.79101 21.5348	63.5689 39.8697 -3.40304
22.4435 10.7646 21.6829	54.2328 19.2168 -115.757
12.7076 12.774 13.6878	-1.27244 69.1267 -101.427
14.7133 14.6966 13.6771	62.4115 -22.1831 3.3841
12.7564 16.6986 13.7417	15.8485 -108.884 -13.8905
14.6319 18.6918 13.6817	71.2281 -157.723 120.633
12.7242 20.5879 13.6819	54.5742 -81.814 33.1784
14.7425 22.5721 13.6104	1.43791 5.72878 -19.6349
16.6314 12.7186 13.7592	90.3157 21.1873 -36.7316
18.6232 14.7717 13.7806	-34.8459 -74.309 -92.5017
16.6362 16.7945 13.6386	-51.7868 20.9606 117.361
18.6454 18.6194 13.7394	57.3072 93.627 -75.5386
16.6939 20.632 13.6727	51.027 70.8131 -147.438
18.7287 22.5668 13.6783	-44.7577 46.4245 -119.985
20.646 12.7549 13.7063	-1.53901 -32.1111 -104.833
22.5666 14.6691 13.7488	50.6062 44.2287 137.324
20.6515 16.6615 13.7425	4.87731 35.8681 41.6697
22.586 18.4918 13.69	-15.5355 64.5389 -74.5869
20.7069 20.4969 13.7844	-60.6432 -39.4743 65.8238
22.6643 22.5425 13.712	-62.7539 -98.5832 86.9513
12.7413 14.7769 15.6664	147.675 -100.123 33.8531
14.6427 12.8159 15.648	83.6863 80.4115 -19.5061
12.7427 18.6277 15.706	35.2413 -58.142 -84.3857
14.7333 16.7176 15.6689	-65.6554 -62.119 -51.9333
12.7302 22.5348 15.7146	81.4545 2.75261 -131.606
14.6808 20.6411 15.6541	42.7641 126.503 -104.097
16.5356 14.7855 15.7031	-82.5706 -18.8651 104.46
18.5405 12.7825 15.721	218.834 49.8565 -39.072
16.5522 18.688 15.724	20.028 121.654 34.1007
18.6164 16.6547 15.6814	-87.6906 -36.0216 -66.8405
16.6191 22.6057 15.6232	-67.7444 60.5454 -8.67715
18.6086 20.6066 15.6408	-83.7257 57.6304 83.3811
20.6166 14.6597 15.7067	78.4107 44.8721 95.8144
22.5146 12.6704 15.6696	89.5678 -120.745 55.7177
20.5802 18.5996 15.7293	-143.204 -10.8529 9.26039
22.554 16.6378 15.6474	11.6118 40.2258 -63.0363
20.6505 22.4961 15.6537	9.33677 85.3764 20.8685
22.6935 20.5884 15.6711	162.43 66.7675 -28.0048
12.7733 12.7152 17.6664	7.64242 23.1936 14.8015
14.6144 14.7153 17.6356	84.4458 49.1873 15.9481
12.7553 16.6894 17.6258	-29.5542 9.9069 -127.833
14.703 18.6179 17.6595	-39.7056 135.83 44.7264
12.7785 20.6293 17.6527	37.9185 -20.4649 42.7802
14.6891 22.5741 17.6366	41.194 -41.7417 6.82299
16.6272 12.7194 17.6247	-197.089 -85.28 98.3093
18.6248 14.7013 17.5859	-82.2506 -31.0095 80.6307
16.7222 16.7309 17.6585	44.9662 87.9601 12.6538
18.5818 18.6945 17.6099	12.2296 51.7475 33.64
16.7171 20.6136 17.6236	-56.2908 31.6457 46.9603
18.6178 22.5731 17.5792	-0.9665 -117.063 8.38395
20.5581 12.7179 17.659	-91.9818 -104.019 167.739
22.5185 14.6918 17.6751	-10.8232 -172.328 69.157
20.5707 16.6556 17.5941	16.0658 -23.5568 -11.3984
22.571 18.5894 17.6456	134.491 44.1282 -110.871
20.6128 20.5762 17.637	75.1864 11.0175 -87.2481
22.6364 22.4859 17.6173	-8.91413 0.122907 -182.847
12.679 14.7135 19.5453	-29.2073 129.205 -16.8606
14.7172 12.8192 19.6085	136.686 -43.9703 -200.704
12.7664 18.6628 19.6456	-19.5922 84.8182 56.1739
14.6674 16.6897 19.6015	-126.171 -104.013 -30.188
12.7587 22.6152 19.556	65.6009 -96.2741 -149.175
14.6522 20.5955 19.6174	146.563 23.2554 -21.7048
16.6572 14.74 19.5374	-77.5506 -37.7618 -77.3948
18.5463 12.6788 19.505	-0.0783266 -67.0396 -18.3884
16.5979 18.6143 19.5942	77.2908 1.83077 126.38
18.6312 16.7256 19.5718	33.155 -13.025 -41.3391
16.6009 22.4979 19.5711	-0.730956 72.6611 52.5815
18.6172 20.5598 19.5975	25.073 1.45477 -4.12957
20.4795 14.7009 19.5689	-18.1445 -49.917 -4.42507
22.5089 12.7399 19.7168	33.5487 -69.0034 -48.1215
20.5882 18.6612 19.6029	-63.8806 -10.8662 -86.7341
22.5217 16.6152 19.6244	-38.8568 98.4586 -65.0731
20.6028 22.481 19.5212	71.1536 155.484 89.0012
22.5874 20.5519 19.5603	-76.6611 126.964 -22.3618
12.7503 12.7927 21.5417	-95.7381 118.131 -37.1671
14.742 14.7701 21.6177	-91.3242 31.1852 -98.9253
12.6628 16.681 21.5432	86.3677 41.6945 -11.2824
14.5953 18.675 21.5492	-104.837 59.0633 -21.5855
12.682 20.6004 21.678	-67.712 113.258 -104.965
14.6835 22.6712 21.5061	19.2949 -156.596 1.09854
16.6451 12.6717 21.5557	-28.2296 108.674 -14.4874
18.5941 14.7677 21.544	183.636 -63.2 -189.956
16.6936 16.6963 21.5196	5.95226 -118.798 107.662
18.6163 18.6714 21.5936	-48.7675 -61.3273 25.3883
16.6334 20.6032 21.5817	31.6079 122.253 37.1331
18.6224 22.517 21.6231	75.4302 6.51482 34.7244
20.5131 12.7532 21.5944	-81.4302 48.3532 68.9177
22.4886 14.6996 21.647	1.93277 72.3355 -27.5043
20.5831 16.6081 21.5895	24.0999 -70.9058 17.9997
22.5758 18.5806 21.5397	91.3685 -15.8121 -63.7035
20.6288 20.6118 21.5979	10.0391 -151.386 -102.409
22.5735 22.5279 21.6454	-37.397 -5.08904 107.243
12.7712 24.4748 13.6123	141.336 -85.2136 -127.38
14.6907 26.4928 13.6427	-14.2039 43.966 -77.6864
12.7529 28.3232 13.6343	-62.0709 43.1412 28.0612
14.7682 30.28 13.6452	-42.9646 33.0321 29.5595
12.8703 32.3255 13.6952	63.3663 -16.075 -51.6135
14.8137 34.278 13.7179	-4.98349 -69.027 92.5744
16.7111 24.5783 13.6998	11.1702 -37.2381 1.26639
18.6796 26.4103 13.6248	80.9431 -86.7896 24.9861
16.7454 28.3727 13.781	50.5794 3.56058 -76.6284
18.7074 30.3277 13.7881	22.17 -18.5304 -109.819
16.6741 32.2999 13.6236	62.1734 30.8758 92.7866
18.6209 34.2178 13.6463	89.9494 47.2448 -40.4663
20.6906 24.415 13.6619	79.9153 -140.305 -62.1688
22.5292 26.5157 13.6825	-78.8745 80.1932 38.8899
20.544 28.4148 13.7716	-37.0136 94.8698 90.451
22.5706 30.3599 13.713	-133.53 6.83844 12.8765
20.6362 32.3843 13.6524	-35.7801 17.3184 65.2929
22.6043 34.3862 13.7051	-86.6749 102.183 74.5535
12.7715 26.4444 15.6311	-29.8243 -81.4961 26.7824
14.7321 24.5421 15.6435	-3.30448 66.0273 34.0196
12.7837 30.3525 15.666	136.274 -6.71538 -123.048
14.7103 28.3897 15.6288	84.4648 -25.786 -45.582
12.7817 34.2461 15.7172	102.671 32.8683 156.383
14.7952 32.2932 15.6586	125.675 -59.3796 -68.9585
16.7055 26.4384 15.6972	109.819 7.89873 8.0103
18.7032 24.4968 15.6916	0.080638 83.3907 -54.5117
16.6866 30.3005 15.6869	-141.974 -24.9143 124.033
18.6799 28.3599 15.7437	19.9777 -76.5642 138.302
16.7584 34.3145 15.6887	-85.8551 25.7796 -10.8295
18.6637 32.3235 15.6258	-8.31785 17.5176 14.5564
20.5459 26.3816 15.7424	5.8234 -13.3833 -13.4469
22.6243 24.4651 15.6527	-31.3746 -90.6552 26.2848
20.6683 30.3977 15.7024	-42.7364 -89.2725 46.357
22.6318 28.3772 15.6923	-143.461 114.477 -237.699
20.6037 34.2862 15.673	-41.4613 24.2318 -12.9373
22.5725 32.329 15.6509	-44.5691 21.4424 -157.719
12.7158 24.5899 17.6147	-22.1278 -12.1336 68.9714
14.6944 26.4351 17.6332	43.7669 43.7735 -15.0795
12.6946 28.3874 17.6838	-68.0035 2.04841 -57.8659
14.7138 30.2961 17.6209	-48.1758 125.512 66.0056
12.8397 32.3283 17.698	33.4457 87.9612 -100.69
14.7954 34.2446 17.6802	90.7056 45.117 -44.8126
16.6707 24.4647 17.6466	-1.11701 59.9174 -15.6306
18.628 26.4358 17.6501	-37.1433 41.5601 14.3765
16.6793 28.4014 17.6744	179.36 -249.655 89.269
18.6647 30.3384 17.5931	12.7986 75.4702 122.759
16.6945 32.3088 17.6321	129.914 -59.0659 -75.8478
18.6561 34.2331 17.6769	-109.304 -61.9534 -2.66997
20.659 24.4308 17.6149	38.8925 39.6786 7.31707
22.5584 26.3969 17.6005	-18.8308 -71.0299 98.9376
20.6586 28.3879 17.5794	37.9129 93.0314 -91.6267
22.5318 30.3605 17.6034	-85.9696 -77.9557 -116.136
20.6129 32.3158 17.5756	83.4368 57.202 -60.1618
22.5234 34.3067 17.6381	140.367 13.5312 2.7435
12.7296 26.5094 19.6075	40.6519 0.42157 28.8402
14.7018 24.5428 19.5512	-59.0692 -10.3781 -54.1851
12.864 30.3589 19.5848	19.3272 -42.0417 0.848889
14.7128 28.3556 19.6142	57.103 -125.695 -32.0997
12.7749 34.2878 19.6638	94.3826 -7.29052 35.108
14.7844 32.3105 19.5923	-21.4028 -15.111 100.347
16.688 26.4033 19.5533	-60.5076 77.7505 -65.8305
18.6406 24.4162 19.5442	-63.8267 99.0117 -12.7613
16.7014 30.3467 19.6004	37.3279 41.7182 137.722
18.6419 28.3899 19.5602	8.11755 46.2929 -106.62
16.762 34.2322 19.5777	42.9035 120.227 -9.83942
18.6687 32.26 19.541	-56.7416 -130.846 44.785
20.6263 26.42 19.5246	36.0373 -3.42056 57.1075
22.6859 24.4659 19.5626	43.1733 35.7451 -63.21
20.6029 30.3599 19.4945	-120.357 96.2842 -75.0675
22.5715 28.3888 19.561	1.04988 -121.426 54.7028
20.6223 34.2521 19.5821	-20.7863 -15.7275 -57.202
22.5946 32.3182 19.5722	152.805 63.3743 33.2318
12.7775 24.5378 21.5566	-52.7794 -25.371 21.6791
14.7233 26.4411 21.6117	-40.2182 12.2168 64.0604
12.7585 28.3758 21.6234	-47.4548 39.6738 59.1504
14.7971 30.2818 21.6304	17.1921 3.22654 47.813
12.8534 32.2696 21.4917	21.5706 -72.0344 -17.106
14.752 34.2797 21.5554	29.503 50.1679 49.1808
16.7438 24.473 21.5402	70.3157 -18.9198 -39.4991
18.7022 26.4851 21.4843	-66.519 162.922 32.886
16.7002 28.3531 21.558	56.3509 -58.7554 20.5829
18.5818 30.3821 21.5825	71.1502 -186.793 -44.5181
16.7343 32.3559 21.5827	12.0048 90.9262 13.7196
18.6661 34.2651 21.5277	122.815 107.697 -6.21596
20.6114 24.4797 21.497	136.731 -17.255 1.47979
22.5434 26.413 21.6153	6.23974 -17.2473 108.669
20.6114 28.4401 21.5556	-172.165 -104.581 27.0037
22.5294 30.2956 21.5304	25.2624 -43.841 36.0173
20.6589 32.2868 21.5662	-5.09633 8.91876 66.7379
22.6067 34.2394 21.6266	107.772 -59.1615 85.0318
12.7952 36.1907 13.7389	-87.2641 -27.425 41.8582
14.7445 38.2126 13.6579	-14.1736 108.605 -29.9496
12.808 40.1842 13.6834	57.0923 104.114 35.8468
14.72 42.1975 13.7068	206.227 -29.0373 38.5739
12.7454 43.9521 13.7269	-23.9501 69.2859 -32.7706
14.661 46.0698 13.804	2.77761 -35.9864 97.8963
16.6639 36.2747 13.7569	-63.338 -13.2619 113.202
18.6042 38.2045 13.7573	-15.6425 -35.045 112.588
16.6591 40.216 13.694	-0.493695 97.4884 -93.3456
18.5696 42.1468 13.7079	-8.28175 -63.9483 -57.5061
16.613 44.1109 13.6933	-4.63798 -109.055 -21.8841
18.648 46.0282 13.8276	18.5485 76.8002 -55.6526
20.5784 36.2736 13.7419	-148.077 -185.823 121.143
22.5494 38.2225 13.6913	63.1477 22.9661 119.378
20.5282 40.1901 13.6879	46.3342 9.03254 53.2477
22.4818 42.159 13.7959	68.7001 123.619 52.5264
20.5648 44.108 13.572	92.7804 -202.903 61.2991
22.4799 46.2013 13.727	-70.1593 81.016 45.2669
12.8084 38.1551 15.6964	99.362 148.024 -8.23054
14.7636 36.2191 15.7024	92.3701 -20.9391 101.492
12.7634 42.0921 15.7523	32.3325 69.2521 193.732
14.651 40.1965 15.6705	-97.0958 101.693 -99.638
12.7105 46.0073 15.6959	-14.0475 7.35804 -49.4778
14.7068 44.0488 15.7801	96.7718 41.8369 -8.44971
16.6652 38.2908 15.6788	-46.0872 -6.91681 24.8649
18.693 36.2066 15.6227	47.1667 88.6076 28.6415
16.6539 42.0774 15.7115	15.2897 89.4368 -41.4098
18.6672 40.2031 15.6567	-38.3947 20.4808 -151.882
16.6723 46.075 15.7727	-70.1937 3.88403 -63.478
18.6237 44.0918 15.6986	-62.6169 12.0406 -75.6689
20.5903 38.2653 15.7061	67.6812 -60.2078 -75.8268
22.5135 36.3494 15.7331	-61.9975 89.8986 8.58993
20.5465 42.1712 15.6837	-56.7966 -39.0807 -5.2183
22.5798 40.1892 15.7534	-85.2486 189.292 19.8711
20.5946 46.1224 15.775	-20.0397 53.4995 -67.5183
22.4886 44.1417 15.7526	32.8638 -22.3331 -37.0162
12.8425 36.2218 17.678	119.15 -104.827 -1.30725
14.7245 38.1764 17.6398	50.1617 106.511 -21.2364
12.7336 40.1777 17.7349	82.0195 43.4364 69.8748
14.7497 42.093 17.7249	77.5904 83.1827 30.0668
12.8 44.0233 17.7063	-18.7814 89.2512 -46.5788
14.6809 46.0302 17.706	115.629 -109.038 94.6458
16.7139 36.2971 17.6344	221.026 6.71665 65.8435
18.7038 38.1987 17.6468	-27.1677 109.355 86.6555
16.686 40.1651 17.6324	5.79976 26.6148 -12.522
18.6535 42.0623 17.7236	-43.6623 -34.2934 -4.47663
16.6978 44.0147 17.6655	82.501 6.89809 -7.74361
18.5964 46.0314 17.7183	-78.1624 -78.5362 -68.72
20.556 36.2203 17.6927	-28.5203 16.6693 73.8239
22.5871 38.2026 17.6925	16.9515 38.0457 -86.8642
20.6223 40.1343 17.6897	25.493 -36.768 -30.0592
22.5326 42.2168 17.6972	29.2021 28.4149 -73.7925
20.5417 44.0751 17.7565	44.6276 -36.0678 75.5359
22.5239 46.0654 17.7177	0.261219 13.8654 148.95
12.7901 38.2585 19.6001	-77.2411 6.56313 -36.6562
14.7995 36.2178 19.6417	-4.36242 -93.255 79.6474
12.8247 42.1008 19.6935	147.019 -131.882 49.6658
14.7652 40.1031 19.6551	95.4985 76.4985 -45.1243
12.7306 46.0014 19.6084	34.5093 74.7701 28.4607
14.7549 44.0668 19.6431	99.1225 83.2545 -52.8145
16.7262 38.2236 19.607	-18.0402 84.6295 8.99524
18.6447 36.2268 19.6201	12.1665 26.9511 -133.871
16.7228 42.0598 19.6343	116.084 34.0378 44.1145
18.7262 40.1999 19.6877	-169.655 -111.865 63.7926
16.6552 46.006 19.644	74.9772 -19.2003 -103.245
18.6455 44.0679 19.6712	37.4411 -88.5891 35.3643
20.612 38.1813 19.5773	123.588 75.9001 -46.0508
22.5394 36.2687 19.6333	88.2655 -118.985 -7.49735
20.6134 42.1578 19.6882	-94.4637 63.764 67.7091
22.5468 40.246 19.6508	-104.454 -59.7645 -110.967
20.5861 46.0847 19.5964	134.264 -199.356 24.7012
22.5267 44.1198 19.7385	45.197 76.069 -51.2499
12.778 36.2955 21.6045	10.9806 16.6058 -33.5166
14.7531 38.2305 21.6013	156.037 151.763 53.7433
12.7551 40.1075 21.5594	-26.1445 108.493 -69.6912
14.7767 42.0657 21.6875	-83.8144 32.5981 27.3647
12.7782 44.033 21.6105	12.0427 -20.6887 41.7879
14.6249 46.0541 21.6322	-75.2255 -79.36 194.822
16.7419 36.2187 21.5888	64.6696 -102.65 -103.798
18.7331 38.1796 21.5652	48.2589 11.5508 -9.12758
16.7078 40.0997 21.6398	-73.3262 -16.5199 -130.265
18.6007 42.1516 21.7262	-63.6722 -87.5042 69.7491
16.6764 44.0711 21.6036	30.9739 -91.9739 52.1368
18.557 45.9678 21.6192	-63.8548 -71.934 75.905
20.5757 36.2002 21.5987	-27.4219 4.59844 158.79
22.5627 38.2202 21.6593	-103.88 -53.9634 48.3122
20.5824 40.2034 21.7315	-109.578 39.308 108.355
22.626 42.1378 21.6553	14.4061 -66.4744 -39.0233
20.6615 44.1297 21.6364	106.597 -97.9984 -25.899
22.4553 46.1626 21.6747	75.8927 27.2465 41.6171
24.5443 0.995813 13.6982	-7.16085 -18.2679 27.6552
26.491 2.9969 13.7664	-62.1798 95.6455 -25.8505
24.4064 4.90223 13.7899	12.6026 7.31008 62.3595
26.3653 6.80272 13.8377	-178.298 -98.2234 25.9156
24.4997 8.76121 13.7339	-27.3943 -67.1777 -114.738
26.3634 10.7903 13.7682	-141.927 15.0165 -99.6788
28.2864 1.02067 13.7985	40.7983 56.9691 -135.053
30.2397 2.94201 13.7493	10.5783 -6.22179 -33.446
28.4028 4.94725 13.7691	-43.2327 -165.929 144.2
30.3718 6.83973 13.6722	-135.163 13.05 -96.8712
28.4108 8.80699 13.7335	95.664 36.986 56.8927
30.329 10.7689 13.7157	75.3879 -97.5989 89.854
32.3014 1.01645 13.6612	100.896 -22.9176 61.8727
34.2715 2.93597 13.7734	-130.781 130.736 21.8946
32.252 4.83949 13.842	-50.7225 -5.90192 23.3844
34.1663 6.87611 13.6909	-62.3497 107.036 -78.9775
32.2701 8.78641 13.764	-35.8419 53.0404 31.9998
34.324 10.7987 13.7039	-117.456 66.8417 7.95081
24.4452 2.95665 15.7447	114.779 59.1179 77.8407
26.3928 0.982971 15.744	120.038 -138.012 41.9006
24.4606 6.85291 15.7585	-61.8034 -44.1239 46.1103
26.3979 4.83815 15.7824	-47.8442 -8.39492 15.3873
24.4468 10.7711 15.7474	30.0927 125.03 -142.709
26.4563 8.83932 15.7155	159.623 -52.0169 -17.6804
28.4272 2.89949 15.7716	-40.8983 -16.7807 25.1974
30.3216 0.98299 15.7108	-61.9576 -30.8554 72.6151
28.3983 6.90282 15.7199	5.84742 55.5601 64.9172
30.3786 4.8961 15.7599	26.8628 87.3386 86.0679
28.4023 10.7822 15.7551	-117.401 -119.52 -67.5776
30.337 8.85909 15.7453	21.6327 49.5568 -184.839
32.3102 2.83718 15.6769	-54.0711 -78.3873 -6.28964
34.2558 0.912656 15.6836	-20.3016 -55.6608 106.014
32.2516 6.85639 15.7896	-76.2179 -168.009 115.816
34.2585 4.96155 15.6935	-50.6946 -146.731 -57.4253
32.3893 10.8251 15.6595	-116.306 51.003 -13.2877
34.3206 8.80901 15.6556	167.218 67.4305 5.52075
24.4554 0.960384 17.7364	-24.335 -67.5215 -121.734
26.3997 2.84299 17.6965	-25.4924 46.305 -89.5055
24.4957 4.91367 17.7095	58.9481 -105.504 -18.7847
26.4421 6.92195 17.7032	-23.5343 -5.73909 -36.4822
24.49 8.78016 17.6352	-43.7325 240.015 21.1066
26.3838 10.7664 17.7005	-72.7001 113.653 58.2688
28.3952 0.945203 17.7372	-90.8106 62.4522 -83.6157
30.3528 2.9131 17.7067	-75.7165 131.09 -88.1165
28.3915 4.8807 17.68	-97.1108 32.2822 -42.2932
30.3399 6.86883 17.7009	25.1096 -55.3632 -56.3617
28.3922 8.85587 17.7119	176.523 89.0769 -32.7923
30.3961 10.7975 17.6761	18.074 -10.027 49.7081
32.3442 1.02014 17.6896	91.0414 56.8431 42.6678
34.2786 2.92388 17.5632	-52.7836 -77.8581 -44.5734
32.3081 4.86495 17.6843	72.073 6.32846 -139.437
34.2844 6.87971 17.6039	121.261 17.3955 -29.5979
32.3417 8.85627 17.6361	75.0651 -68.2703 49.8469
34.3691 10.7436 17.634	107.675 135.102 -8.57475
24.4829 2.95451 19.6514	-43.7646 81.2796 -101.52
26.4428 0.992696 19.7132	0.390351 120.499 -69.4025
24.4638 6.8327 19.6444	112.983 89.4084 -3.05589
26.4821 4.91196 19.6467	9.74226 2.38457 -103.629
24.439 10.7801 19.5937	40.9884 -157.202 100.277
26.4044 8.83166 19.6844	124.919 109.655 -90.6694
28.3953 2.96165 19.667	120.381 -26.29 -79.6493
30.406 0.935873 19.6961	31.7273 179.783 -119.274
28.4241 6.89155 19.6525	-14.6314 76.3935 27.4611
30.3655 4.86684 19.6002	84.9184 33.2461 -36.8945
28.3724 10.7583 19.6291	-76.6213 64.6705 -21.2691
30.3971 8.88544 19.6113	-80.1333 10.8053 1.80657
32.3893 2.97578 19.5976	26.9413 -78.1172 -22.5263
34.3367 1.01476 19.5907	19.3277 87.4345 41.4309
32.3228 6.89082 19.5583	55.4643 129.36 -81.3594
34.3464 4.91674 19.5823	-65.9635 -130.431 -46.9752
32.401 10.8456 19.5757	-50.327 -55.8634 -162.926
34.3562 8.81406 19.5861	-108.341 -49.1299 -93.883
24.4867 0.925381 21.6429	-43.6636 -50.7626 68.0918
26.4642 2.92671 21.6401	-62.1795 -101.472 -9.02475
24.4998 4.87278 21.6142	55.396 93.9398 -107.738
26.4646 6.88714 21.6452	-63.4706 -102.31 37.1861
24.5403 8.88017 21.6778	40.3664 72.0252 -22.2913
26.4323 10.7924 21.5984	66.682 -90.9285 9.64102
28.4651 0.983201 21.6625	14.4195 117.267 -49.7692
30.4089 3.00232 21.5978	88.0138 -100.05 -53.4638
28.3424 4.87075 21.6687	-70.0735 -27.7075 4.68853
30.3074 6.84844 21.6043	4.34142 -72.4517 119.385
28.4207 8.81859 21.6231	-94.4237 13.6644 -18.3159
30.4757 10.7662 21.6057	18.8979 51.0198 127.91
32.4669 0.972397 21.6203	-89.1846 -8.62685 -31.4546
34.2683 2.94601 21.6449	-10.3899 110.534 58.6431
32.3681 4.95835 21.5176	68.237 -79.0638 26.4763
34.394 6.87567 21.5694	43.8977 -8.22774 -18.1098
32.3836 8.73542 21.6105	-108.787 52.2052 -75.5322
34.289 10.7703 21.572	34.4918 113.429 39.4445
24.4562 12.6901 13.7228	4.48611 57.1706 2.16167
26.4602 14.642 13.7537	-34.2621 -50.4098 -189.875
24.558 16.5743 13.736	-44.5167 -5.97591 147.836
26.4587 18.555 13.6643	-144.355 59.9235 -51.3519
24.4783 20.5016 13.5848	61.3323 -112.779 98.3247
26.4792 22.4616 13.6748	29.0285 142.871 88.9046
28.4161 12.7268 13.6825	-33.9583 -32.3504 -4.19986
30.3655 14.6542 13.7205	-132.138 23.8912 -105.228
28.4059 16.6228 13.716	-42.5796 51.2578 56.034
30.4281 18.5674 13.6558	-107.041 -158.232 43.0797
28.4533 20.5093 13.5405	4.09377 43.3573 87.1563
30.3952 22.5333 13.606	-116.626 8.44393 -24.0949
32.3834 12.7479 13.7391	45.1789 44.7992 57.9924
34.3192 14.6607 13.7516	73.5316 -25.9068 -102.429
32.411 16.5605 13.6843	134.159 84.256 11.2635
34.3189 18.5969 13.7016	-26.532 -42.8263 -0.869947
32.3294 20.472 13.6015	98.1567 91.7977 -14.2078
34.3483 22.5679 13.5816	-81.7766 -171.685 41.8637
24.4839 14.6427 15.7483	-18.2513 78.7232 -154.287
26.4729 12.7149 15.7603	18.4898 11.5003 -28.5668
24.5359 18.5608 15.6775	41.4502 -21.6967 -102.631
26.435 16.6329 15.7647	-10.8737 87.8576 11.138
24.5802 22.5759 15.6361	-8.58947 -39.5108 81.2802
26.4365 20.5335 15.5767	-33.7905 70.8444 -110.36
28.471 14.6909 15.6907	-9.21514 19.3463 3.25357
30.383 12.6969 15.7524	-45.3657 -31.2303 -36.9787
28.3991 18.5812 15.6415	-42.1858 81.8816 -87.0706
30.4619 16.6287 15.6461	-58.3968 -151.229 -18.6138
28.3747 22.5184 15.6772	5.48241 78.1574 76.4955
30.3623 20.5471 15.6351	-30.7759 -37.9741 -66.1928
32.3763 14.6489 15.6917	-66.7218 39.8035 41.7953
34.3503 12.6938 15.7001	-8.16967 -13.8673 15.6579
32.3468 18.5559 15.6234	-30.0593 -82.5819 54.115
34.3464 16.6151 15.6778	217.809 -148.513 56.7418
32.4328 22.5743 15.5323	-9.25101 0.965863 -54.8185
34.244 20.5621 15.6211	-55.8373 87.3274 0.24451
24.4664 12.7012 17.6877	13.3172 21.1762 52.6209
26.447 14.6672 17.6662	99.4109 -6.02187 -161.711
24.4878 16.6546 17.6151	-93.3406 63.126 43.2616
26.5168 18.6002 17.6427	-60.2734 20.6858 -75.8794
24.4996 20.5428 17.5841	-42.3518 -30.6698 30.1824
26.5189 22.5023 17.5925	-51.4367 -139.721 -63.3696
28.3904 12.7197 17.688	112.14 1.76412 -33.1449
30.4298 14.6636 17.6207	46.2162 71.0612 -104.21
28.4627 16.6222 17.6464	-25.5885 -202.957 6.84693
30.4003 18.5627 17.6124	-103.595 -112.614 88.9429
28.4591 20.5879 17.5686	-30.1253 97.9241 -29.6675
30.447 22.5591 17.5464	-57.5928 3.63787 131.448
32.3954 12.7227 17.6559	-96.4892 -20.3252 -61.5581
34.3223 14.6441 17.6243	-30.5297 -29.9132 -35.8675
32.3455 16.6385 17.5993	26.8886 -105.628 105.492
34.2221 18.5879 17.636	106.117 -21.7396 11.847
32.3499 20.5784 17.5649	-20.6821 -84.0316 -71.3384
34.3129 22.5285 17.6021	37.3246 -167.337 -98.8357
24.4674 14.6834 19.6377	40.0974 -2.05668 -192.155
26.4216 12.7402 19.6477	-59.6694 -185.782 3.6967
24.5691 18.6477 19.582	-26.8197 -7.35806 -3.73998
26.4758 16.678 19.5484	71.5052 89.0543 -39.739
24.6298 22.4969 19.5618	-9.91354 53.1708 -52.245
26.4826 20.5831 19.555	-124.052 -106.266 -88.7613
28.4199 14.7083 19.5978	39.6236 -13.8799 52.3168
30.4022 12.7064 19.6058	-87.3722 32.386 -107.556
28.4198 18.637 19.5481	-26.552 -62.9958 -89.2782
30.3886 16.6384 19.5667	-55.3085 27.7812 102.919
28.4959 22.4948 19.5905	90.1178 70.3915 -2.98154
30.3931 20.5902 19.5319	47.2533 59.6477 10.7098
32.4419 14.6549 19.5619	93.1146 -55.2195 19.3173
34.4029 12.7422 19.5798	6.68485 -3.65083 36.8464
32.3157 18.5714 19.5662	194.511 -81.4967 -43.1061
34.3117 16.62 19.5704	44.413 2.92262 -47.0053
32.3187 22.5092 19.4973	35.5696 -44.6276 -35.4879
34.2469 20.5779 19.6115	10.5667 -12.0736 107.813
24.426 12.7396 21.6702	171.291 -109.016 -4.2643
26.4408 14.7394 21.6176	-7.56369 -73.3183 -114.27
24.52 16.6904 21.5248	23.2891 44.2089 -7.88362
26.4882 18.6247 21.569	-99.9034 1.46925 -22.8016
24.5241 20.5633 21.5767	-41.427 19.0456 45.126
26.5542 22.5027 21.5741	80.6665 -73.4227 29.4651
28.454 12.6999 21.6278	11.0055 -52.3174 -59.9174
30.3658 14.7087 21.5014	-123.111 -24.1447 -15.8986
28.3392 16.6858 21.5456	7.79514 99.8018 46.8727
30.3272 18.6048 21.5866	-96.4323 26.7077 17.6178
28.4177 20.604 21.5944	-33.5469 60.8735 -142.694
30.4649 22.4675 21.5744	-12.2715 29.7902 73.3477
32.3556 12.7404 21.5623	-41.8386 59.9317 44.2272
34.3671 14.6863 21.6577	55.9709 40.707 -128.066
32.3596 16.6489 21.5172	9.82857 27.6771 57.62
34.3799 18.67 21.5743	12.4561 12.0541 199.889
32.3245 20.5206 21.5552	111.427 -167.176 -54.9298
34.2728 22.4173 21.5014	-12.2584 27.3996 -25.3403
24.6021 24.5176 13.5625	42.1298 104.997 -39.9643
26.509 26.4473 13.6522	-27.5619 15.5023 -26.9635
24.5981 28.3795 13.7354	-127.25 71.0682 211.564
26.4777 30.4496 13.6456	-111.567 98.3853 124.835
24.5088 32.3797 13.7722	-110.456 -33.7797 103.013
26.416 34.3075 13.8511	-24.5688 16.3163 -75.5887
28.4545 24.3743 13.6672	-49.0064 30.8221 16.9626
30.3103 26.4964 13.6798	70.9593 110.422 82.8455
28.36 28.4444 13.6463	-78.4509 -137.469 -104.506
30.3485 30.3579 13.7027	93.9032 98.4963 -98.7083
28.4834 32.3606 13.6808	-13.4404 112.747 0.173101
30.3544 34.3755 13.7418	-79.2604 4.35432 175.156
32.3178 24.5211 13.6165	14.0156 -1.94587 -3.60079
34.2725 26.4836 13.6282	63.493 -85.3788 -165.346
32.3746 28.3985 13.6899	20.347 -2.52871 58.5863
34.2582 30.4536 13.738	-41.5834 -16.268 5.9725
32.2488 32.361 13.685	-60.5789 -85.0461 41.0373
34.2229 34.3324 13.717	193.749 -73.8595 -19.0594
24.518 26.4296 15.6646	15.8586 17.0445 100.843
26.469 24.4935 15.6612	3.91099 -15.3921 -61.5946
24.496 30.3805 15.6682	102.109 -18.254 47.7657
26.5088 28.4065 15.7116	103.852 -2.19693 -20.6289
24.4471 34.3089 15.6954	-76.8321 95.5866 38.5045
26.5275 32.3147 15.6866	-78.9119 101.37 76.4227
28.4768 26.4429 15.6874	-124.183 61.7884 72.6895
30.4444 24.501 15.6262	96.372 134.687 132.467
28.4326 30.3868 15.6885	160.904 67.9306 44.6773
30.3799 28.433 15.6484	59.1503 77.4044 79.5743
28.4057 34.2679 15.6981	-44.3422 -31.0975 -83.5934
30.3192 32.3506 15.6999	67.2234 79.6244 77.2666
32.3147 26.4424 15.5731	-131.811 -23.2775 -43.6532
34.2968 24.5132 15.6301	150.973 67.2953 -49.7932
32.3295 30.426 15.6462	93.1175 157.329 45.3869
34.2608 28.4566 15.6239	26.3277 -79.2101 58.1089
32.2924 34.3993 15.6719	-244.732 -103.903 95.5373
34.2895 32.3672 15.7159	-105.218 -8.67458 -212.458
24.5978 24.45 17.6121	-9.60136 -86.6143 28.1656
26.5268 26.4373 17.6296	-100.504 -39.4004 -59.6906
24.5002 28.3649 17.6186	-22.9924 -70.0647 74.3139
26.4668 30.3749 17.632	169.605 74.1656 -13.893
24.5091 32.3455 17.5847	63.4965 -4.33939 130.674
26.4835 34.3077 17.6443	17.0082 -34.876 19.4779
28.4936 24.4993 17.6324	-83.912 69.0789 32.2402
30.4192 26.4921 17.6115	22.3104 -50.5131 -69.2423
28.467 28.4223 17.6167	3.79834 8.32577 15.6745
30.4197 30.3665 17.6327	14.63 -68.3499 -39.5458
28.4571 32.3162 17.6851	7.36605 -92.0179 24.8231
30.3865 34.3226 17.6191	46.5894 76.3423 -34.4298
32.3719 24.5236 17.5845	-36.5753 -206.996 -151.227
34.2652 26.5096 17.6085	52.2362 23.53 -26.7912
32.3497 28.3897 17.6247	230.076 71.4145 4.02632
34.2399 30.3968 17.6803	7.50429 79.226 102.789
32.3504 32.419 17.6355	81.3855 9.49865 -48.4994
34.222 34.345 17.6089	-90.0845 17.7393 5.98538
24.581 26.4318 19.5806	59.2572 33.2724 204.889
26.5515 24.4617 19.5599	47.1129 5.96961 8.5459
24.5023 30.3745 19.5178	45.6809 20.9834 87.0752
26.5137 28.4255 19.5741	-110.1 -0.24271 -61.9616
24.5701 34.2979 19.5437	12.7877 152.469 -15.3601
26.4673 32.3648 19.6232	-84.5688 -87.4566 49.4056
28.4189 26.4537 19.6186	-40.5414 189.398 117.557
30.4345 24.4891 19.634	40.1395 -13.2889 -31.0692
28.4403 30.4031 19.5597	5.24591 25.4144 38.9762
30.3883 28.4362 19.5645	-96.6193 45.1417 -82.729
28.4057 34.3653 19.6005	-19.926 -64.1653 -17.9606
30.4222 32.3112 19.5983	-28.999 157.406 50.9752
32.3203 26.4099 19.6191	-92.4719 -43.728 -82.6815
34.3455 24.4374 19.5843	38.5602 51.8607 -113.909
32.3741 30.3984 19.6518	-10.5568 15.306 -111.574
34.2261 28.3951 19.5929	49.1516 136.282 49.8112
32.3096 34.3769 19.5588	14.0128 45.0543 -35.0762
34.2411 32.3879 19.593	70.3055 35.154 -32.9608
24.5769 24.478 21.5712	-41.2033 3.50358 -31.079
26.4943 26.4068 21.5912	31.7668 -132.733 -176.809
24.5402 28.3452 21.5416	-113.845 41.0721 16.2081
26.5247 30.4063 21.4985	-42.218 -127.326 -62.3118
24.4927 32.2466 21.5512	90.3578 -45.5004 -88.3251
26.4511 34.3152 21.5872	20.1109 -41.0583 6.3556
28.5324 24.4597 21.6868	13.4292 -98.123 -53.4944
30.3815 26.447 21.5908	51.7715 -112.589 -18.5691
28.4552 28.4045 21.6304	-103.08 -27.2818 84.4797
30.3962 30.3126 21.5758	17.8691 -88.1151 -126.551
28.542 32.4101 21.5914	9.59575 -45.3609 -17.7578
30.4136 34.3647 21.46	-47.4531 -97.5498 123.966
32.3815 24.448 21.5685	-41.4645 -134.264 -2.85272
34.2497 26.4441 21.5845	-2.38584 -24.4026 -40.7181
32.3576 28.4291 21.5433	-66.0746 -7.94334 -100.188
34.2935 30.4452 21.5666	160.937 -73.9204 39.0225
32.2986 32.3009 21.6906	-54.2429 0.0329592 23.3533
34.2875 34.3533 21.5714	-50.7712 -46.6892 -36.3555
24.5253 36.3229 13.7625	-28.1996 -70.4877 -29.8011
26.4117 38.2428 13.6382	-141.304 -38.9308 6.5607
24.4183 40.2397 13.6753	65.3584 66.1199 -59.4057
26.4107 42.2125 13.7103	47.9966 -54.3581 -104.878
24.3759 44.1587 13.6391	-49.1239 -28.8701 -24.984
26.4134 46.0098 13.7423	-21.5839 -7.99451 -46.1984
28.3516 36.288 13.671	37.6601 -51.204 -57.5571
30.2911 38.2133 13.7604	-21.0678 23.8251 157.654
28.3264 40.1518 13.8071	-15.7091 44.0924 -56.6761
30.2416 42.0037 13.6011	17.9325 -145.894 -34.3498
28.4233 44.1051 13.7811	55.5152 1.52659 86.876
30.2894 46.0929 13.7491	76.1599 18.9287 -35.7096
32.2925 36.3408 13.6321	51.2475 -35.6628 229.848
34.3007 38.2162 13.6519	1.53827 65.9305 -54.97
32.3636 40.1134 13.6914	-35.4367 -152.055 -99.7114
34.2298 42.1168 13.6993	-106.045 -2.0917 -4.79948
32.2636 44.1233 13.6777	-88.9485 54.7848 122.066
34.2468 46.1092 13.7576	-36.9652 7.67879 59.6328
24.5274 38.2723 15.6672	-162.954 4.78552 -28.5597
26.4824 36.2635 15.7237	218.101 -25.161 44.3934
24.4461 42.2114 15.7037	58.5032 -105.409 -75.4433
26.4193 40.2648 15.695	26.175 76.3483 -109.585
24.4293 46.0709 15.7265	-185.438 15.9033 -67.0894
26.4001 44.1092 15.6747	-9.98394 -38.6533 10.9464
28.3603 38.2345 15.7104	178.78 29.2885 171.513
30.3362 36.3087 15.7041	-88.1808 5.06008 -15.9576
28.3571 42.16 15.7491	-34.3727 88.3029 -64.9297
30.3181 40.2148 15.7329	48.9916 147.675 -26.0077
28.3565 46.1108 15.7646	-127.496 -163.985 -42.0512
30.331 44.1299 15.7067	22.6621 -44.2529 -146.328
32.3037 38.2216 15.6669	10.6557 -9.81999 86.0343
34.3061 36.255 15.5891	-138.93 99.0466 71.4795
32.3066 42.1416 15.5919	45.7603 -39.2085 121.693
34.2718 40.1514 15.7034	129.585 139.574 -29.765
32.2842 46.105 15.6736	-208.674 48.0392 27.9429
34.2345 44.1141 15.6473	100.055 21.5264 -111.482
24.5148 36.2903 17.5928	1.75629 64.0867 68.2993
26.4263 38.2726 17.6201	-130.385 55.9881 65.9871
24.4713 40.2275 17.671	65.4368 120.034 128.92
26.4372 42.2059 17.6771	-50.4298 -93.2643 -30.0615
24.4891 44.1356 17.665	62.7243 56.6841 66.272
26.4133 46.0598 17.6944	127.137 122.541 -160.134
28.431 36.3156 17.644	-89.5634 109.224 -74.6278
30.3389 38.3289 17.6351	35.3808 54.4027 -4.04132
28.4078 40.177 17.7057	24.7015 -260.468 -31.679
30.3676 42.1664 17.6756	-19.81 -54.4733 1.14903
28.4008 44.0735 17.6925	-144.392 -77.2861 23.9023
30.3941 46.062 17.6045	109.082 33.8908 10.9075
32.2615 36.2718 17.5738	-143.61 74.9536 -13.6118
34.2152 38.2463 17.5518	72.6859 -12.4239 -12.6292
32.3021 40.2423 17.6137	-23.6026 155.461 129.076
34.2384 42.1722 17.6524	5.30838 -34.8824 56.7128
32.3347 44.0634 17.5948	60.6961 113.595 20.8011
34.2174 46.071 17.6486	24.4325 -19.5504 19.6204
24.5177 38.2578 19.5686	-41.4464 -17.7975 -51.3147
26.4755 36.2792 19.5593	-19.1124 -2.29736 18.5107
24.5198 42.2004 19.6938	-78.0327 -33.2667 -16.3944
26.4038 40.1964 19.5705	-66.3749 -160.533 -10.623
24.4948 46.0687 19.6766	-36.7233 -57.0524 -26.1241
26.4588 44.0911 19.6865	-90.988 65.5117 -46.2076
28.4286 38.2251 19.6274	61.2876 24.969 84.7448
30.3363 36.4036 19.5434	65.5719 43.008 -16.4144
28.4695 42.1486 19.6486	20.9896 -19.5321 -23.5741
30.4168 40.1571 19.6156	66.6387 -143.452 96.3674
28.4236 46.023 19.6713	123.35 -91.588 5.37831
30.4092 44.1101 19.5545	-29.9653 -5.37537 57.953
32.3394 38.2731 19.5736	39.1739 -37.3413 -39.6669
34.19 36.3314 19.505	87.563 -56.1584 -19.1905
32.3153 42.1616 19.64	204.444 30.2745 27.9896
34.2781 40.1686 19.5447	-29.3044 73.3701 84.327
32.3924 46.0984 19.6193	87.2569 -68.9831 3.27865
34.3428 44.0771 19.6393	36.0342 -53.8023 -43.9888
24.5516 36.2918 21.5358	-83.8431 -61.0166 -7.73378
26.4447 38.2298 21.625	-54.714 -24.6425 -57.5941
24.525 40.1171 21.577	21.0427 105.372 -17.073
26.5436 42.0811 21.6973	-1.33761 -28.2132 15.1774
24.5753 44.1975 21.7246	19.1677 -49.8734 180.162
26.5356 46.1032 21.7129	-31.6487 170.407 -36.7281
28.4302 36.2481 21.6033	56.8424 -6.40503 -141.355
30.3482 38.2279 21.7152	54.6546 -62.0762 -19.7436
28.4117 40.1433 21.5807	149.481 -65.4879 17.0863
30.385 42.1162 21.6529	-51.1221 37.095 -15.0868
28.4451 44.1028 21.6226	-38.4521 -22.5594 -53.4909
30.4559 46.062 21.6358	48.8043 -140.042 38.7223
32.3988 36.3388 21.5314	156.512 -34.5368 16.2999
34.347 38.2316 21.5392	-84.1723 24.5597 73.3369
32.3631 40.1851 21.5766	55.591 -45.9321 -24.2078
34.3853 42.09 21.5199	164.089 -12.0931 11.5244
32.3412 44.0968 21.6753	80.8954 9.44953 -98.4457
34.424 46.0624 21.5338	-209.879 114.709 132.259
36.1986 1.03737 13.6959	23.4807 -101.43 -87.3072
38.1236 2.98687 13.7571	12.2809 70.8455 7.31117
36.1519 4.92231 13.6732	50.4737 -115.855 -8.35582
38.2241 6.84126 13.6859	58.9046 1.97808 174.923
36.2939 8.80367 13.5675	71.1191 -37.5358 131.378
38.2618 10.7527 13.5606	85.1849 8.07379 -13.0041
40.1788 1.01352 13.6717	-42.2788 16.9332 -66.291
42.1521 2.92269 13.7294	-22.4856 33.3705 -64.7423
40.1765 4.86586 13.6878	-4.80986 62.4599 -113.429
42.1781 6.87402 13.6768	-3.0558 52.0347 -41.5717
40.1574 8.80281 13.7371	-33.1304 13.0914 -68.2342
42.0519 10.7951 13.6871	23.03 -46.2509 -54.6057
44.1772 0.918982 13.6287	98.2742 -120.209 61.3481
46.0045 2.97348 13.6694	87.5252 33.2864 96.1449
44.118 4.93467 13.6358	-62.8027 -15.5151 -29.382
46.1 6.90117 13.6993	-10.6221 10.1231 -110.142
44.1336 8.83253 13.6809	-78.3713 105.238 -29.4258
46.143 10.8122 13.6414	95.4819 -51.457 49.1544
36.1948 2.95296 15.6796	103.803 -48.5275 -22.8698
38.1363 0.947649 15.6134	32.6376 153.19 -83.9699
36.2177 6.89972 15.6002	50.6829 63.0915 -7.25237
38.1953 4.8726 15.6475	46.1486 -110.721 75.7886
36.2699 10.7423 15.6659	41.4976 42.4577 11.2439
38.1762 8.85238 15.6574	61.3569 82.4296 24.1671
40.1298 2.88617 15.7034	27.9671 32.8465 118.368
42.1068 0.956244 15.6231	-0.41863 -104.714 39.564
40.229 6.87197 15.648	144.296 135.402 -79.3666
42.1748 4.9839 15.6405	68.088 89.8494 -69.6203
40.1519 10.8077 15.6205	153.193 52.3626 32.6823
42.1543 8.85027 15.5673	53.9222 6.46464 62.0795
44.0872 2.94663 15.6592	72.2956 64.6358 -5.76394
46.0533 0.942611 15.6305	60.5424 -0.117365 -127.163
44.1106 6.9193 15.7391	-34.4868 -4.69553 -38.0575
46.051 4.90797 15.673	-9.88809 -87.0508 -48.1598
44.1158 10.7979 15.6711	-78.7313 1.28842 51.4503
46.0985 8.82411 15.7237	-26.264 -27.5087 -49.4925
36.1916 0.916773 17.5738	15.0002 -54.2726 -44.0772
38.1824 2.95195 17.5735	-128.424 116.469 -105.278
36.2448 4.87898 17.624	-63.7479 97.0874 18.3589
38.2352 6.83621 17.5057	189.169 -132.522 37.6638
36.2681 8.80768 17.6097	80.2589 -35.2408 34.7115
38.2304 10.78 17.582	-108.884 59.8449 -32.5617
40.1937 0.927202 17.6134	119.475 121.525 -45.0781
42.1329 2.9335 17.5496	-35.9202 -12.6002 -93.6961
40.142 4.88677 17.5972	-65.5299 100.394 -103.121
42.1045 6.84858 17.6433	101.629 -142.51 65.8353
40.1283 8.82371 17.5804	-23.4412 -30.1116 9.72618
42.1158 10.8323 17.5261	4.78107 -34.3474 51.0567
44.0667 0.941269 17.578	-57.5513 2.06601 -51.898
45.9905 2.95257 17.5513	20.5745 41.3917 -100.353
44.102 4.96217 17.5764	-6.03115 -61.4032 36.5686
46.0685 6.82417 17.6046	-49.32 58.6716 12.4226
44.118 8.85581 17.677	-15.4814 179.715 220.477
46.0882 10.8388 17.6281	34.0986 14.5424 40.2769
36.2371 2.9468 19.5591	27.9551 -106.517 -138.621
38.2238 0.989958 19.5514	-47.7513 -5.13111 -35.769
36.3186 6.87123 19.4862	-68.0566 -25.8055 127.097
38.2298 4.94007 19.5397	30.4703 63.9592 -6.30421
36.3237 10.7102 19.6166	5.64466 -29.7151 -61.3503
38.2279 8.87077 19.5195	121.204 -20.3956 -29.6776
40.1501 2.93603 19.5148	136.935 -42.8293 -23.7828
42.1163 1.04745 19.5099	-8.39803 -61.3424 122.383
40.1383 6.85382 19.498	50.6002 104.472 -0.790088
42.1198 4.89578 19.5429	-7.38495 14.076 32.8884
40.2049 10.823 19.5081	-108.461 183.249 -11.9649
42.1338 8.84847 19.4961	21.3569 -129.998 -114.855
44.09 2.94456 19.4643	-56.5264 -43.2344 -37.7671
46.017 1.03275 19.5677	-74.687 -25.9331 193.455
44.1267 6.77281 19.5226	31.397 11.4336 -3.13388
46.1062 4.90361 19.5167	-114.56 -97.3305 24.6912
44.1054 10.8123 19.5271	-18.0666 -94.3773 -168.384
46.1304 8.75534 19.5141	-5.61873 29.1233 -38.8557
36.3619 0.991076 21.5226	3.28096 -26.3191 7.52604
38.3232 3.03556 21.5493	49.1067 -34.3007 -10.6556
36.2691 4.90639 21.5905	-15.0068 -54.6462 63.9433
38.2579 6.87218 21.5202	20.4343 16.4493 -47.9663
36.312 8.79143 21.5127	97.3797 -16.9761 -100.62
38.2253 10.8024 21.5691	-45.5579 -65.5296 -160.948
40.1943 0.936398 21.5125	-95.3479 60.3657 151.788
42.062 2.91433 21.5424	71.584 34.4282 130.596
40.1672 4.97204 21.5341	-83.4233 43.2771 137.693
42.1211 6.86952 21.5004	14.6942 15.9563 -131.325
40.2157 8.88123 21.4644	-37.07 58.0127 -11.3701
42.1633 10.786 21.5636	-27.8405 44.5532 185.784
44.1171 1.06425 21.5695	-125.067 25.671 -21.7841
46.0508 3.00908 21.5543	-55.7576 -78.5049 32.0847
44.0303 4.88883 21.4518	7.3915 -68.116 172.437
46.1564 6.83087 21.545	-32.2846 56.9982 -179.773
44.1169 8.80621 21.4394	-43.9414 -39.4838 -82.25
46.1471 10.813 21.5225	133.354 119.098 40.0026
36.2409 12.7425 13.7343	13.6 97.7238 36.9734
38.1461 14.7781 13.6118	97.1209 -22.5392 93.3601
36.2742 16.7072 13.7899	-50.4778 -9.46813 -48.1325
38.2645 18.7012 13.6928	-59.4988 -67.5779 -88.2245
36.2572 20.5851 13.6617	-111.927 -17.0219 50.4312
38.1108 22.5488 13.6898	-47.8713 29.8241 39.7587
40.172 12.8609 13.6506	-74.9098 66.8492 32.1356
42.0968 14.7384 13.7159	0.623319 65.7147 -168.225
40.1758 16.7044 13.6322	-115.586 -71.0096 42.5303
42.1219 18.7036 13.7322	36.513 -105.702 -12.608
40.1151 20.6167 13.7719	-44.0971 -124.47 71.5333
42.1495 22.5395 13.7354	61.6402 7.80511 -137.168
44.0768 12.7269 13.5483	107.794 52.4329 122.207
46.1412 14.6512 13.5768	-89.1924 175.951 -43.3604
44.1169 16.6679 13.622	31.3915 51.1633 42.4292
46.0809 18.669 13.7072	-29.1309 -119.044 -0.582429
44.1215 20.6053 13.638	22.7345 -140.667 152.81
46.1345 22.6032 13.7023	50.7086 -19.6873 61.2615
36.3386 14.7005 15.6843	-41.5111 -37.4492 -50.2151
38.2618 12.7464 15.6301	63.6967 125.356 -70.3019
36.2031 18.6926 15.7052	-33.1749 -50.5954 104.281
38.2367 16.6687 15.7102	-45.2892 29.1858 46.5477
36.1464 22.5917 15.6282	-66.1498 18.4564 -39.1016
38.1382 20.641 15.7051	-68.19 117.642 148.562
40.1765 14.7759 15.6184	144.536 37.3088 23.455
42.1089 12.7634 15.6101	-31.6869 29.3284 92.7914
40.1495 18.6784 15.6608	15.9328 122.789 -31.4473
42.1312 16.7464 15.6734	95.7333 142.189 22.5862
40.1277 22.5296 15.7495	-20.3664 92.9091 -21.5112
42.1691 20.639 15.7369	76.927 31.9361 -27.1524
44.0964 14.7044 15.6529	1.92847 128.067 -6.44708
46.0106 12.7334 15.6814	-15.4608 -111.616 -74.9578
44.1243 18.7403 15.6329	-40.1158 -36.4837 13.8957
46.0593 16.7291 15.6607	71.5844 -27.5006 -85.5457
44.1257 22.6312 15.6809	1.24888 -40.2443 17.5642
46.0853 20.6529 15.7108	-60.5812 98.0168 -14.7988
36.3334 12.6863 17.5851	207.232 2.31279 -93.8788
38.207 14.7454 17.6282	81.214 91.0893 12.4092
36.2303 16.6889 17.6067	-13.9452 152.172 31.7579
38.1685 18.7091 17.6705	105.375 -3.18998 -6.21809
36.1623 20.5659 17.6541	-12.1944 76.4031 61.9001
38.1554 22.5519 17.7188	-23.9693 79.5899 26.12
40.1448 12.8641 17.5747	-83.897 78.0258 -9.08312
42.1045 14.7514 17.605	37.9162 50.7028 -42.7867
40.1555 16.7537 17.6026	77.4053 -35.9554 42.3821
42.1449 18.6711 17.699	92.1841 -41.9311 42.0303
40.1601 20.595 17.6328	-117.474 10.154 -40.5195
42.1879 22.59 17.6693	-149.607 2.30597 1.83451
44.101 12.7854 17.6208	-29.5974 -16.5156 213.538
46.0546 14.7604 17.6123	124.563 46.8635 -114.548
44.1623 16.7141 17.5815	-59.8366 -144.713 129.515
46.1032 18.6708 17.6564	-6.06596 77.384 -42.3486
44.1279 20.6257 17.6951	-51.5551 67.0829 -38.9091
46.0563 22.6157 17.6792	-1.23482 -57.8639 -66.6593
36.2179 14.7599 19.5536	70.3943 40.1902 -7.07624
38.2348 12.7265 19.5422	-126.483 -27.7672 -33.8566
36.2456 18.5867 19.6121	20.9222 -33.3613 3.33339
38.2303 16.6998 19.5677	-33.0604 66.0522 18.1476
36.2674 22.5251 19.6111	-44.2104 -88.8128 39.0746
38.2291 20.5534 19.6191	-97.089 -153.794 -119.54
40.1889 14.7602 19.536	-106.564 -181.912 -32.8853
42.1269 12.7455 19.5147	17.9283 29.5659 103.687
40.2284 18.6607 19.6054	4.87719 -40.3765 -9.70456
42.1851 16.6818 19.5607	72.815 -105.686 -103.671
40.1355 22.5325 19.5972	-74.6111 67.4768 52.4144
42.1461 20.6684 19.6357	151.327 146.842 -13.5718
44.1091 14.6373 19.5275	24.8153 -59.6345 66.0539
46.0534 12.7579 19.527	136.02 69.7299 89.2626
44.1435 18.6881 19.5831	-33.2393 -122.709 42.7021
46.0625 16.7745 19.6026	-10.9981 -137.959 47.8981
44.1097 22.5963 19.6628	9.56508 83.5424 41.3211
46.135 20.6567 19.6365	23.3247 120.157 -37.3684
36.3059 12.6976 21.5531	-169.884 -14.5969 -40.9112
38.205 14.7567 21.5085	99.7574 -123.846 -39.7625
36.2756 16.6721 21.6228	91.451 90.7925 -40.1014
38.2673 18.5631 21.5614	105.739 42.7594 2.00517
36.3637 20.4996 21.6208	74.6823 -51.0928 18.0519
38.2507 22.5582 21.5908	-14.5955 147.505 35.3795
40.2102 12.6889 21.5012	-3.69067 32.7016 -79.9906
42.1293 14.6259 21.4884	56.2035 -39.3973 77.9954
40.2605 16.6209 21.4914	-14.8905 14.0077 92.6588
42.2088 18.6603 21.532	46.5955 -28.7571 109.714
40.2369 20.5886 21.642	-39.4001 -53.1347 -133.768
42.0738 22.6346 21.6098	17.3523 13.1904 -4.72998
44.0711 12.6908 21.514	-67.524 89.885 -126.774
46.0757 14.6423 21.5855	34.2819 -29.6205 32.5238
44.1149 16.6011 21.5399	36.7766 3.08719 62.6453
46.0456 18.6831 21.5304	-95.3865 -19.7096 7.04474
44.0434 20.708 21.6613	-21.8383 130.511 -39.571
46.0536 22.617 21.6902	-54.6235 41.7644 -29.3423
36.2803 24.5856 13.631	51.052 -49.8551 -12.2423
38.1929 26.5436 13.677	66.5392 22.5779 114.449
36.2125 28.4204 13.625	-91.41 -32.736 -116.388
38.2406 30.2991 13.6403	87.2983 51.3967 -43.8682
36.2286 32.3002 13.6624	85.1618 75.6851 53.9523
38.2242 34.3056 13.5446	74.6311 87.1926 53.9208
40.1494 24.4597 13.7574	25.2741 63.6333 74.0314
42.1187 26.4161 13.7316	63.274 -52.3986 -119.747
40.2351 28.3959 13.7561	40.0366 105.13 -113.301
42.1309 30.4191 13.6048	136.428 -53.6505 -51.1599
40.1268 32.3504 13.5747	-146.252 8.54463 83.1652
42.0592 34.2804 13.6929	-31.3512 -78.7269 -21.1318
44.1306 24.53 13.735	31.9667 -23.325 -47.38
45.967 26.4268 13.7462	-53.1719 11.2944 -199.935
44.0699 28.4264 13.6395	37.5892 -120.635 -19.8205
45.9856 30.4134 13.6973	-42.0013 -100.152 -5.05506
44.163 32.4173 13.6632	27.1965 -14.7556 43.5177
46.0257 34.3181 13.7244	75.8065 -35.9309 33.2483
36.234 26.4168 15.6854	-131.284 46.232 -65.4211
38.2014 24.4988 15.6907	-101.879 -126.572 -39.8345
36.2072 30.4154 15.6487	92.7577 117.95 -87.736
38.1922 28.4756 15.6358	-80.2265 -108.541 1.38357
36.2284 34.3171 15.6501	15.1675 -108.341 -90.4711
38.1802 32.369 15.633	37.3771 -72.6796 91.8207
40.1647 26.4278 15.7118	170.808 -75.864 29.8377
42.1513 24.4677 15.7117	44.0723 94.9811 -113.535
40.1716 30.3792 15.714	-31.6794 40.3607 -92.0564
42.1209 28.4141 15.6649	-20.7128 15.3935 6.38339
40.134 34.3272 15.5817	-291.403 23.97 -5.11478
42.1115 32.368 15.5688	-151.435 45.9735 0.921682
44.0901 26.4303 15.7204	32.2268 20.7394 -45.7021
46.1342 24.5296 15.7441	6.93968 -50.1589 93.2952
44.0078 30.3689 15.6603	51.1557 -56.2002 -73.4618
46.0458 28.3694 15.717	40.4623 -65.0491 6.79952
44.0741 34.2575 15.6995	64.1455 109.08 202.545
46.0761 32.3334 15.6577	-41.526 138.585 -0.265859
36.2216 24.5167 17.6638	-34.357 -8.34428 -33.1742
38.1693 26.4431 17.604	163.069 143.964 1.62251
36.227 28.4525 17.6357	89.4421 -12.5283 -50.7003
38.1866 30.4079 17.5897	25.3687 11.3679 -109.24
36.1971 32.351 17.5826	1.19607 -94.6157 130.941
38.1315 34.2764 17.5575	24.8209 97.0224 -19.3858
40.1454 24.4322 17.6637	-15.6748 190.533 -7.37771
42.1276 26.386 17.6665	-30.7122 34.4935 -97.4661
40.1668 28.4023 17.646	-85.011 -0.931995 40.7969
42.1255 30.4317 17.621	-74.3099 -54.6041 74.0479
40.144 32.2976 17.5832	1.58251 10.7931 51.4299
42.0675 34.276 17.636	-14.3122 24.4807 35.9675
44.1161 24.5178 17.6901	-148.134 191.658 13.7642
46.0569 26.497 17.6833	78.0866 134.708 -77.5104
44.1364 28.4313 17.6001	-134.882 207.681 122.484
46.042 30.4064 17.6685	25.4299 183.06 111.005
44.0791 32.3157 17.5943	64.9562 -51.1038 -61.9253
46.0719 34.3156 17.6475	-3.81315 -5.5683 143.722
36.2324 26.4956 19.6478	5.07239 23.6659 -105.608
38.2152 24.525 19.5768	-45.9239 -70.1229 -84.2433
36.2137 30.4568 19.5321	-13.0875 -6.17138 58.3272
38.1855 28.3728 19.5316	-6.44779 -11.1227 89.7113
36.1986 34.3269 19.5119	-180.92 -88.505 -163.311
38.1786 32.3803 19.5327	4.9664 -93.459 -24.7148
40.1892 26.4888 19.6549	-88.8293 -91.5101 19.1846
42.0744 24.5103 19.637	-21.6028 -207.816 34.2553
40.137 30.35 19.5526	-146.749 -24.9444 -97.0236
42.0697 28.4195 19.5386	-212.099 140.811 -4.62677
40.118 34.2877 19.662	-16.6182 -8.67396 -0.184441
42.0843 32.3545 19.5695	50.2772 70.8794 -102.002
44.1075 26.5445 19.5926	-36.0232 24.4044 -27.299
46.0718 24.527 19.6679	-40.3462 102.446 255.722
44.0631 30.3445 19.5769	73.5032 -6.70934 78.6587
46.0815 28.4381 19.6329	24.4261 41.8792 168.275
44.1507 34.273 19.5643	-22.2779 4.18318 -71.5404
46.0605 32.2769 19.5524	-67.2869 3.33262 -122.509
36.2157 24.5204 21.6072	-69.6311 -7.85958 -50.8061
38.1724 26.4402 21.6823	-72.389 49.5608 -71.0945
36.1619 28.4948 21.5625	-94.0211 -91.3696 15.5967
38.1322 30.3732 21.4802	207.972 16.4007 -18.3858
36.2499 32.4415 21.5587	-81.1384 47.3373 68.3823
38.2053 34.3446 21.6865	-37.691 50.1383 -112.108
40.1168 24.571 21.7037	-59.3234 -115.299 -126.566
42.1136 26.4426 21.6037	20.0846 -19.9777 -53.8633
40.1574 28.4707 21.5574	-105.167 13.9484 -61.5553
42.1241 30.4043 21.5252	110.888 47.5428 74.4623
40.158 32.3427 21.5483	113.548 89.712 199.665
42.1499 34.2793 21.5563	-109.84 -28.4899 10.0209
44.142 24.539 21.6488	90.2635 14.4508 -85.7318
46.0349 26.6007 21.6488	-3.18879 -45.8602 -73.377
44.0528 28.4312 21.5632	25.7271 -12.7423 128.271
46.1185 30.387 21.5635	-39.0217 -207.354 7.05405
44.1237 32.3103 21.5517	16.2857 -42.52 -1.50574
46.0374 34.2463 21.552	-31.2986 77.3098 94.3007
36.2261 36.3009 13.6086	50.3525 -11.5238 20.4501
38.1786 38.1872 13.6484	157.737 -86.4765 -9.77178
36.1591 40.2073 13.6929	136.966 -27.141 2.53952
38.2593 42.1026 13.694	-93.5522 -44.8592 -43.3908
36.2605 44.0957 13.6121	-37.223 -7.46003 14.0325
38.1361 46.0357 13.629	-137.465 28.4129 148.686
40.1626 36.2767 13.6087	-29.5191 -41.5208 91.4667
42.1474 38.1705 13.7767	58.3168 -45.1437 35.6486
40.2177 40.1296 13.7139	-26.9252 67.175 -14.181
42.1772 42.0439 13.6623	69.3116 -28.1739 86.4895
40.2406 44.0584 13.7079	-15.6705 44.1488 -33.9734
42.1932 46.0367 13.7079	-90.2535 -29.517 55.6723
44.0626 36.2471 13.7584	50.1495 85.3513 -89.9571
46.0608 38.1789 13.8029	34.3927 -54.7482 81.964
44.1634 40.1255 13.7409	-67.4708 13.0681 28.4461
46.0777 42.085 13.6394	114.064 -34.6705 -98.4315
44.083 44.0054 13.6557	-19.2822 109.608 -5.8764
46.0604 45.939 13.7158	73.3889 0.688278 116.209
36.2653 38.1476 15.6984	-80.2832 -42.0127 131.573
38.2046 36.182 15.6397	8.28622 -173.368 -29.4089
36.2219 42.1744 15.6791	16.3392 40.9972 -69.4824
38.1689 40.1303 15.6024	-46.4728 -27.4548 160.713
36.2316 46.011 15.6727	-49.7223 62.0782 -15.1202
38.1972 44.0558 15.6393	-67.9928 60.1249 -18.3582
40.1508 38.1787 15.6946	-33.0404 4.12246 90.597
42.1321 36.2672 15.6789	17.8268 104.495 -141.741
40.1447 42.0935 15.6682	19.3512 -48.2597 -72.4637
42.1766 40.1607 15.6675	-74.8503 41.0197 -40.4583
40.1785 45.9764 15.6678	-84.7364 -22.6746 -9.08332
42.174 44.0707 15.6308	-50.9274 46.4867 133.88
44.0791 38.1647 15.7432	150.754 -180.89 -24.3954
46.02 36.2771 15.7601	8.95316 90.21 45.8465
44.132 42.1104 15.6706	-8.00534 54.6171 -88.7912
46.1159 40.1151 15.7188	-94.8185 70.8962 -44.1122
44.1455 46.0318 15.6451	129.865 77.0637 35.1823
46.045 44.0165 15.7564	240.22 -233.933 64.7567
36.2356 36.1941 17.633	27.6445 -47.3984 -36.6804
38.1688 38.1715 17.5634	-58.4014 11.7123 -1.38761
36.2532 40.1653 17.6163	-33.779 141.103 86.4722
38.2014 42.1249 17.592	-37.9571 -79.6685 -145.051
36.2731 44.1654 17.6627	-61.3402 91.3991 -114.104
38.2661 46.0597 17.5957	-24.7867 158.132 -4.44472
40.1522 36.191 17.6568	-36.4841 -81.1332 -60.5977
42.1162 38.1672 17.6647	35.4644 -16.4293 -12.6178
40.1448 40.1882 17.6529	-99.6134 47.7387 132.517
42.1928 42.107 17.6342	48.9157 56.2363 91.9046
40.2155 43.9904 17.5826	51.4541 82.6672 -34.2886
42.2018 46.0283 17.6315	-15.0468 -2.79631 -151.652
44.0565 36.255 17.6169	9.72214 151.956 -86.6911
46.1187 38.2486 17.6944	207.78 11.3906 -45.549
44.0979 40.1411 17.6685	6.97516 -14.5435 -1.58005
46.0087 42.0909 17.6792	-72.446 107.592 -41.7644
44.1036 44.0582 17.6179	-61.4354 -25.8104 59.5528
46.0251 46.0558 17.6506	178.945 -209.933 65.4723
36.2062 38.2253 19.5053	62.9834 156.576 -13.0258
38.1328 36.2194 19.5815	113.717 13.4198 56.5554
36.2889 42.1058 19.4957	47.4929 65.1497 -72.9136
38.1955 40.1764 19.5272	77.8497 115.738 -63.0974
36.3063 46.0311 19.5573	-34.7844 -66.335 -44.077
38.1838 44.0943 19.5873	-151.331 48.0017 -193.872
40.2062 38.1712 19.5636	-143.054 5.50505 -94.0201
42.1251 36.1675 19.6558	30.6085 116.411 -103.009
40.1342 42.1015 19.5837	-2.04006 -30.8072 -96.2308
42.1219 40.1748 19.5353	74.2206 32.6936 127.487
40.1972 46.0361 19.5621	9.10061 -113.053 117.692
42.0949 44.0763 19.6182	-36.5667 16.6296 -83.0233
44.0186 38.2123 19.6186	95.029 105.226 2.34082
45.9314 36.2996 19.5892	73.1165 22.7038 78.7354
44.1021 42.1616 19.5931	12.0233 27.403 -139.28
46.0734 40.2222 19.5699	7.70952 -78.5227 -22.4415
44.1186 46.0302 19.5844	-13.2214 32.5663 -51.4711
46.1326 44.0009 19.5826	2.42395 56.5969 -113.8
36.2576 36.2937 21.584	80.9516 92.4459 132.588
38.2374 38.1595 21.5385	-81.2465 -25.4414 -116.832
36.349 40.1965 21.523	-64.2965 49.6305 6.10299
38.2623 42.1163 21.548	153.503 24.0123 -61.4519
36.332 44.1125 21.5523	-41.016 -46.5582 19.2127
38.2138 46.1084 21.6161	3.42786 -115.736 69.1761
40.1685 36.2453 21.5674	37.8933 -103.855 -57.885
42.1391 38.2248 21.5545	141.098 -99.7061 -8.78894
40.1369 40.1446 21.5366	-148.534 -146.24 51.2277
42.0178 42.2385 21.6524	-44.6917 -26.532 -53.573
40.1183 44.1991 21.5986	19.1686 -37.9722 -1.37972
42.1465 46.0562 21.5319	16.9145 -65.0257 -100.532
44.0717 36.1883 21.6895	158.82 5.82914 61.1129
45.9556 38.1959 21.6516	-28.1402 -176.99 -53.7425
43.9921 40.2191 21.5239	-15.9838 -194.557 -3.83742
46.0844 42.1061 21.6224	-90.0858 23.4889 -17.7664
44.0871 44.0417 21.5058	60.394 -100.698 -75.4599
46.0142 46.0149 21.4575	-17.3441 1.32821 38.8028
