0.98 0.98 13.72 0 0 0 
2.94 2.94 13.72 0 0 0 
0.98 4.9 13.72 0 0 0 
2.94 6.86 13.72 0 0 0 
0.98 8.82 13.72 0 0 0 
2.94 10.78 13.72 0 0 0 
0.98 12.74 13.72 0 0 0 
2.94 14.7 13.72 0 0 0 
0.98 16.66 13.72 0 0 0 
2.94 18.62 13.72 0 0 0 
0.98 20.58 13.72 0 0 0 
2.94 22.54 13.72 0 0 0 
0.98 24.5 13.72 0 0 0 
2.94 26.46 13.72 0 0 0 
0.98 28.42 13.72 0 0 0 
2.94 30.38 13.72 0 0 0 
0.98 32.34 13.72 0 0 0 
2.94 34.3 13.72 0 0 0 
0.98 36.26 13.72 0 0 0 
2.94 38.22 13.72 0 0 0 
0.98 40.18 13.72 0 0 0 
2.94 42.14 13.72 0 0 0 
0.98 44.1 13.72 0 0 0 
2.94 46.06 13.72 0 0 0 
4.9 0.98 13.72 0 0 0 
6.86 2.94 13.72 0 0 0 
4.9 4.9 13.72 0 0 0 
6.86 6.86 13.72 0 0 0 
4.9 8.82 13.72 0 0 0 
6.86 10.78 13.72 0 0 0 
4.9 12.74 13.72 0 0 0 
6.86 14.7 13.72 0 0 0 
4.9 16.66 13.72 0 0 0 
6.86 18.62 13.72 0 0 0 
4.9 20.58 13.72 0 0 0 
6.86 22.54 13.72 0 0 0 
4.9 24.5 13.72 0 0 0 
6.86 26.46 13.72 0 0 0 
4.9 28.42 13.72 0 0 0 
6.86 30.38 13.72 0 0 0 
4.9 32.34 13.72 0 0 0 
6.86 34.3 13.72 0 0 0 
4.9 36.26 13.72 0 0 0 
6.86 38.22 13.72 0 0 0 
4.9 40.18 13.72 0 0 0 
6.86 42.14 13.72 0 0 0 
4.9 44.1 13.72 0 0 0 
6.86 46.06 13.72 0 0 0 
8.82 0.98 13.72 0 0 0 
10.78 2.94 13.72 0 0 0 
8.82 4.9 13.72 0 0 0 
10.78 6.86 13.72 0 0 0 
8.82 8.82 13.72 0 0 0 
10.78 10.78 13.72 0 0 0 
8.82 12.74 13.72 0 0 0 
10.78 14.7 13.72 0 0 0 
8.82 16.66 13.72 0 0 0 
10.78 18.62 13.72 0 0 0 
8.82 20.58 13.72 0 0 0 
10.78 22.54 13.72 0 0 0 
8.82 24.5 13.72 0 0 0 
10.78 26.46 13.72 0 0 0 
8.82 28.42 13.72 0 0 0 
10.78 30.38 13.72 0 0 0 
8.82 32.34 13.72 0 0 0 
10.78 34.3 13.72 0 0 0 
8.82 36.26 13.72 0 0 0 
10.78 38.22 13.72 0 0 0 
8.82 40.18 13.72 0 0 0 
10.78 42.14 13.72 0 0 0 
8.82 44.1 13.72 0 0 0 
10.78 46.06 13.72 0 0 0 
12.74 0.98 13.72 0 0 0 
14.7 2.94 13.72 0 0 0 
12.74 4.9 13.72 0 0 0 
14.7 6.86 13.72 0 0 0 
12.74 8.82 13.72 0 0 0 
14.7 10.78 13.72 0 0 0 
12.74 12.74 13.72 0 0 0 
14.7 14.7 13.72 0 0 0 
12.74 16.66 13.72 0 0 0 
14.7 18.62 13.72 0 0 0 
12.74 20.58 13.72 0 0 0 
14.7 22.54 13.72 0 0 0 
12.74 24.5 13.72 0 0 0 
14.7 26.46 13.72 0 0 0 
12.74 28.42 13.72 0 0 0 
14.7 30.38 13.72 0 0 0 
12.74 32.34 13.72 0 0 0 
14.7 34.3 13.72 0 0 0 
12.74 36.26 13.72 0 0 0 
14.7 38.22 13.72 0 0 0 
12.74 40.18 13.72 0 0 0 
14.7 42.14 13.72 0 0 0 
12.74 44.1 13.72 0 0 0 
14.7 46.06 13.72 0 0 0 
16.66 0.98 13.72 0 0 0 
18.62 2.94 13.72 0 0 0 
16.66 4.9 13.72 0 0 0 
18.62 6.86 13.72 0 0 0 
16.66 8.82 13.72 0 0 0 
18.62 10.78 13.72 0 0 0 
16.66 12.74 13.72 0 0 0 
18.62 14.7 13.72 0 0 0 
16.66 16.66 13.72 0 0 0 
18.62 18.62 13.72 0 0 0 
16.66 20.58 13.72 0 0 0 
18.62 22.54 13.72 0 0 0 
16.66 24.5 13.72 0 0 0 
18.62 26.46 13.72 0 0 0 
16.66 28.42 13.72 0 0 0 
18.62 30.38 13.72 0 0 0 
16.66 32.34 13.72 0 0 0 
18.62 34.3 13.72 0 0 0 
16.66 36.26 13.72 0 0 0 
18.62 38.22 13.72 0 0 0 
16.66 40.18 13.72 0 0 0 
18.62 42.14 13.72 0 0 0 
16.66 44.1 13.72 0 0 0 
18.62 46.06 13.72 0 0 0 
20.58 0.98 13.72 0 0 0 
22.54 2.94 13.72 0 0 0 
20.58 4.9 13.72 0 0 0 
22.54 6.86 13.72 0 0 0 
20.58 8.82 13.72 0 0 0 
22.54 10.78 13.72 0 0 0 
20.58 12.74 13.72 0 0 0 
22.54 14.7 13.72 0 0 0 
20.58 16.66 13.72 0 0 0 
22.54 18.62 13.72 0 0 0 
20.58 20.58 13.72 0 0 0 
22.54 22.54 13.72 0 0 0 
20.58 24.5 13.72 0 0 0 
22.54 26.46 13.72 0 0 0 
20.58 28.42 13.72 0 0 0 
22.54 30.38 13.72 0 0 0 
20.58 32.34 13.72 0 0 0 
22.54 34.3 13.72 0 0 0 
20.58 36.26 13.72 0 0 0 
22.54 38.22 13.72 0 0 0 
20.58 40.18 13.72 0 0 0 
22.54 42.14 13.72 0 0 0 
20.58 44.1 13.72 0 0 0 
22.54 46.06 13.72 0 0 0 
24.5 0.98 13.72 0 0 0 
26.46 2.94 13.72 0 0 0 
24.5 4.9 13.72 0 0 0 
26.46 6.86 13.72 0 0 0 
24.5 8.82 13.72 0 0 0 
26.46 10.78 13.72 0 0 0 
24.5 12.74 13.72 0 0 0 
26.46 14.7 13.72 0 0 0 
24.5 16.66 13.72 0 0 0 
26.46 18.62 13.72 0 0 0 
24.5 20.58 13.72 0 0 0 
26.46 22.54 13.72 0 0 0 
24.5 24.5 13.72 0 0 0 
26.46 26.46 13.72 0 0 0 
24.5 28.42 13.72 0 0 0 
26.46 30.38 13.72 0 0 0 
24.5 32.34 13.72 0 0 0 
26.46 34.3 13.72 0 0 0 
24.5 36.26 13.72 0 0 0 
26.46 38.22 13.72 0 0 0 
24.5 40.18 13.72 0 0 0 
26.46 42.14 13.72 0 0 0 
24.5 44.1 13.72 0 0 0 
26.46 46.06 13.72 0 0 0 
28.42 0.98 13.72 0 0 0 
30.38 2.94 13.72 0 0 0 
28.42 4.9 13.72 0 0 0 
30.38 6.86 13.72 0 0 0 
28.42 8.82 13.72 0 0 0 
30.38 10.78 13.72 0 0 0 
28.42 12.74 13.72 0 0 0 
30.38 14.7 13.72 0 0 0 
28.42 16.66 13.72 0 0 0 
30.38 18.62 13.72 0 0 0 
28.42 20.58 13.72 0 0 0 
30.38 22.54 13.72 0 0 0 
28.42 24.5 13.72 0 0 0 
30.38 26.46 13.72 0 0 0 
28.42 28.42 13.72 0 0 0 
30.38 30.38 13.72 0 0 0 
28.42 32.34 13.72 0 0 0 
30.38 34.3 13.72 0 0 0 
28.42 36.26 13.72 0 0 0 
30.38 38.22 13.72 0 0 0 
28.42 40.18 13.72 0 0 0 
30.38 42.14 13.72 0 0 0 
28.42 44.1 13.72 0 0 0 
30.38 46.06 13.72 0 0 0 
32.34 0.98 13.72 0 0 0 
34.3 2.94 13.72 0 0 0 
32.34 4.9 13.72 0 0 0 
34.3 6.86 13.72 0 0 0 
32.34 8.82 13.72 0 0 0 
34.3 10.78 13.72 0 0 0 
32.34 12.74 13.72 0 0 0 
34.3 14.7 13.72 0 0 0 
32.34 16.66 13.72 0 0 0 
34.3 18.62 13.72 0 0 0 
32.34 20.58 13.72 0 0 0 
34.3 22.54 13.72 0 0 0 
32.34 24.5 13.72 0 0 0 
34.3 26.46 13.72 0 0 0 
32.34 28.42 13.72 0 0 0 
34.3 30.38 13.72 0 0 0 
32.34 32.34 13.72 0 0 0 
34.3 34.3 13.72 0 0 0 
32.34 36.26 13.72 0 0 0 
34.3 38.22 13.72 0 0 0 
32.34 40.18 13.72 0 0 0 
34.3 42.14 13.72 0 0 0 
32.34 44.1 13.72 0 0 0 
34.3 46.06 13.72 0 0 0 
36.26 0.98 13.72 0 0 0 
38.22 2.94 13.72 0 0 0 
36.26 4.9 13.72 0 0 0 
38.22 6.86 13.72 0 0 0 
36.26 8.82 13.72 0 0 0 
38.22 10.78 13.72 0 0 0 
36.26 12.74 13.72 0 0 0 
38.22 14.7 13.72 0 0 0 
36.26 16.66 13.72 0 0 0 
38.22 18.62 13.72 0 0 0 
36.26 20.58 13.72 0 0 0 
38.22 22.54 13.72 0 0 0 
36.26 24.5 13.72 0 0 0 
38.22 26.46 13.72 0 0 0 
36.26 28.42 13.72 0 0 0 
38.22 30.38 13.72 0 0 0 
36.26 32.34 13.72 0 0 0 
38.22 34.3 13.72 0 0 0 
36.26 36.26 13.72 0 0 0 
38.22 38.22 13.72 0 0 0 
36.26 40.18 13.72 0 0 0 
38.22 42.14 13.72 0 0 0 
36.26 44.1 13.72 0 0 0 
38.22 46.06 13.72 0 0 0 
40.18 0.98 13.72 0 0 0 
42.14 2.94 13.72 0 0 0 
40.18 4.9 13.72 0 0 0 
42.14 6.86 13.72 0 0 0 
40.18 8.82 13.72 0 0 0 
42.14 10.78 13.72 0 0 0 
40.18 12.74 13.72 0 0 0 
42.14 14.7 13.72 0 0 0 
40.18 16.66 13.72 0 0 0 
42.14 18.62 13.72 0 0 0 
40.18 20.58 13.72 0 0 0 
42.14 22.54 13.72 0 0 0 
40.18 24.5 13.72 0 0 0 
42.14 26.46 13.72 0 0 0 
40.18 28.42 13.72 0 0 0 
42.14 30.38 13.72 0 0 0 
40.18 32.34 13.72 0 0 0 
42.14 34.3 13.72 0 0 0 
40.18 36.26 13.72 0 0 0 
42.14 38.22 13.72 0 0 0 
40.18 40.18 13.72 0 0 0 
42.14 42.14 13.72 0 0 0 
40.18 44.1 13.72 0 0 0 
42.14 46.06 13.72 0 0 0 
44.1 0.98 13.72 0 0 0 
46.06 2.94 13.72 0 0 0 
44.1 4.9 13.72 0 0 0 
46.06 6.86 13.72 0 0 0 
44.1 8.82 13.72 0 0 0 
46.06 10.78 13.72 0 0 0 
44.1 12.74 13.72 0 0 0 
46.06 14.7 13.72 0 0 0 
44.1 16.66 13.72 0 0 0 
46.06 18.62 13.72 0 0 0 
44.1 20.58 13.72 0 0 0 
46.06 22.54 13.72 0 0 0 
44.1 24.5 13.72 0 0 0 
46.06 26.46 13.72 0 0 0 
44.1 28.42 13.72 0 0 0 
46.06 30.38 13.72 0 0 0 
44.1 32.34 13.72 0 0 0 
46.06 34.3 13.72 0 0 0 
44.1 36.26 13.72 0 0 0 
46.06 38.22 13.72 0 0 0 
44.1 40.18 13.72 0 0 0 
46.06 42.14 13.72 0 0 0 
44.1 44.1 13.72 0 0 0 
46.06 46.06 13.72 0 0 0 
0.98 2.94 15.68 0 0 0 
2.94 0.98 15.68 0 0 0 
0.98 6.86 15.68 0 0 0 
2.94 4.9 15.68 0 0 0 
0.98 10.78 15.68 0 0 0 
2.94 8.82 15.68 0 0 0 
0.98 14.7 15.68 0 0 0 
2.94 12.74 15.68 0 0 0 
0.98 18.62 15.68 0 0 0 
2.94 16.66 15.68 0 0 0 
0.98 22.54 15.68 0 0 0 
2.94 20.58 15.68 0 0 0 
0.98 26.46 15.68 0 0 0 
2.94 24.5 15.68 0 0 0 
0.98 30.38 15.68 0 0 0 
2.94 28.42 15.68 0 0 0 
0.98 34.3 15.68 0 0 0 
2.94 32.34 15.68 0 0 0 
0.98 38.22 15.68 0 0 0 
2.94 36.26 15.68 0 0 0 
0.98 42.14 15.68 0 0 0 
2.94 40.18 15.68 0 0 0 
0.98 46.06 15.68 0 0 0 
2.94 44.1 15.68 0 0 0 
4.9 2.94 15.68 0 0 0 
6.86 0.98 15.68 0 0 0 
4.9 6.86 15.68 0 0 0 
6.86 4.9 15.68 0 0 0 
4.9 10.78 15.68 0 0 0 
6.86 8.82 15.68 0 0 0 
4.9 14.7 15.68 0 0 0 
6.86 12.74 15.68 0 0 0 
4.9 18.62 15.68 0 0 0 
6.86 16.66 15.68 0 0 0 
4.9 22.54 15.68 0 0 0 
6.86 20.58 15.68 0 0 0 
4.9 26.46 15.68 0 0 0 
6.86 24.5 15.68 0 0 0 
4.9 30.38 15.68 0 0 0 
6.86 28.42 15.68 0 0 0 
4.9 34.3 15.68 0 0 0 
6.86 32.34 15.68 0 0 0 
4.9 38.22 15.68 0 0 0 
6.86 36.26 15.68 0 0 0 
4.9 42.14 15.68 0 0 0 
6.86 40.18 15.68 0 0 0 
4.9 46.06 15.68 0 0 0 
6.86 44.1 15.68 0 0 0 
8.82 2.94 15.68 0 0 0 
10.78 0.98 15.68 0 0 0 
8.82 6.86 15.68 0 0 0 
10.78 4.9 15.68 0 0 0 
8.82 10.78 15.68 0 0 0 
10.78 8.82 15.68 0 0 0 
8.82 14.7 15.68 0 0 0 
10.78 12.74 15.68 0 0 0 
8.82 18.62 15.68 0 0 0 
10.78 16.66 15.68 0 0 0 
8.82 22.54 15.68 0 0 0 
10.78 20.58 15.68 0 0 0 
8.82 26.46 15.68 0 0 0 
10.78 24.5 15.68 0 0 0 
8.82 30.38 15.68 0 0 0 
10.78 28.42 15.68 0 0 0 
8.82 34.3 15.68 0 0 0 
10.78 32.34 15.68 0 0 0 
8.82 38.22 15.68 0 0 0 
10.78 36.26 15.68 0 0 0 
8.82 42.14 15.68 0 0 0 
10.78 40.18 15.68 0 0 0 
8.82 46.06 15.68 0 0 0 
10.78 44.1 15.68 0 0 0 
12.74 2.94 15.68 0 0 0 
14.7 0.98 15.68 0 0 0 
12.74 6.86 15.68 0 0 0 
14.7 4.9 15.68 0 0 0 
12.74 10.78 15.68 0 0 0 
14.7 8.82 15.68 0 0 0 
12.74 14.7 15.68 0 0 0 
14.7 12.74 15.68 0 0 0 
12.74 18.62 15.68 0 0 0 
14.7 16.66 15.68 0 0 0 
12.74 22.54 15.68 0 0 0 
14.7 20.58 15.68 0 0 0 
12.74 26.46 15.68 0 0 0 
14.7 24.5 15.68 0 0 0 
12.74 30.38 15.68 0 0 0 
14.7 28.42 15.68 0 0 0 
12.74 34.3 15.68 0 0 0 
14.7 32.34 15.68 0 0 0 
12.74 38.22 15.68 0 0 0 
14.7 36.26 15.68 0 0 0 
12.74 42.14 15.68 0 0 0 
14.7 40.18 15.68 0 0 0 
12.74 46.06 15.68 0 0 0 
14.7 44.1 15.68 0 0 0 
16.66 2.94 15.68 0 0 0 
18.62 0.98 15.68 0 0 0 
16.66 6.86 15.68 0 0 0 
18.62 4.9 15.68 0 0 0 
16.66 10.78 15.68 0 0 0 
18.62 8.82 15.68 0 0 0 
16.66 14.7 15.68 0 0 0 
18.62 12.74 15.68 0 0 0 
16.66 18.62 15.68 0 0 0 
18.62 16.66 15.68 0 0 0 
16.66 22.54 15.68 0 0 0 
18.62 20.58 15.68 0 0 0 
16.66 26.46 15.68 0 0 0 
18.62 24.5 15.68 0 0 0 
16.66 30.38 15.68 0 0 0 
18.62 28.42 15.68 0 0 0 
16.66 34.3 15.68 0 0 0 
18.62 32.34 15.68 0 0 0 
16.66 38.22 15.68 0 0 0 
18.62 36.26 15.68 0 0 0 
16.66 42.14 15.68 0 0 0 
18.62 40.18 15.68 0 0 0 
16.66 46.06 15.68 0 0 0 
18.62 44.1 15.68 0 0 0 
20.58 2.94 15.68 0 0 0 
22.54 0.98 15.68 0 0 0 
20.58 6.86 15.68 0 0 0 
22.54 4.9 15.68 0 0 0 
20.58 10.78 15.68 0 0 0 
22.54 8.82 15.68 0 0 0 
20.58 14.7 15.68 0 0 0 
22.54 12.74 15.68 0 0 0 
20.58 18.62 15.68 0 0 0 
22.54 16.66 15.68 0 0 0 
20.58 22.54 15.68 0 0 0 
22.54 20.58 15.68 0 0 0 
20.58 26.46 15.68 0 0 0 
22.54 24.5 15.68 0 0 0 
20.58 30.38 15.68 0 0 0 
22.54 28.42 15.68 0 0 0 
20.58 34.3 15.68 0 0 0 
22.54 32.34 15.68 0 0 0 
20.58 38.22 15.68 0 0 0 
22.54 36.26 15.68 0 0 0 
20.58 42.14 15.68 0 0 0 
22.54 40.18 15.68 0 0 0 
20.58 46.06 15.68 0 0 0 
22.54 44.1 15.68 0 0 0 
24.5 2.94 15.68 0 0 0 
26.46 0.98 15.68 0 0 0 
24.5 6.86 15.68 0 0 0 
26.46 4.9 15.68 0 0 0 
24.5 10.78 15.68 0 0 0 
26.46 8.82 15.68 0 0 0 
24.5 14.7 15.68 0 0 0 
26.46 12.74 15.68 0 0 0 
24.5 18.62 15.68 0 0 0 
26.46 16.66 15.68 0 0 0 
24.5 22.54 15.68 0 0 0 
26.46 20.58 15.68 0 0 0 
24.5 26.46 15.68 0 0 0 
26.46 24.5 15.68 0 0 0 
24.5 30.38 15.68 0 0 0 
26.46 28.42 15.68 0 0 0 
24.5 34.3 15.68 0 0 0 
26.46 32.34 15.68 0 0 0 
24.5 38.22 15.68 0 0 0 
26.46 36.26 15.68 0 0 0 
24.5 42.14 15.68 0 0 0 
26.46 40.18 15.68 0 0 0 
24.5 46.06 15.68 0 0 0 
26.46 44.1 15.68 0 0 0 
28.42 2.94 15.68 0 0 0 
30.38 0.98 15.68 0 0 0 
28.42 6.86 15.68 0 0 0 
30.38 4.9 15.68 0 0 0 
28.42 10.78 15.68 0 0 0 
30.38 8.82 15.68 0 0 0 
28.42 14.7 15.68 0 0 0 
30.38 12.74 15.68 0 0 0 
28.42 18.62 15.68 0 0 0 
30.38 16.66 15.68 0 0 0 
28.42 22.54 15.68 0 0 0 
30.38 20.58 15.68 0 0 0 
28.42 26.46 15.68 0 0 0 
30.38 24.5 15.68 0 0 0 
28.42 30.38 15.68 0 0 0 
30.38 28.42 15.68 0 0 0 
28.42 34.3 15.68 0 0 0 
30.38 32.34 15.68 0 0 0 
28.42 38.22 15.68 0 0 0 
30.38 36.26 15.68 0 0 0 
28.42 42.14 15.68 0 0 0 
30.38 40.18 15.68 0 0 0 
28.42 46.06 15.68 0 0 0 
30.38 44.1 15.68 0 0 0 
32.34 2.94 15.68 0 0 0 
34.3 0.98 15.68 0 0 0 
32.34 6.86 15.68 0 0 0 
34.3 4.9 15.68 0 0 0 
32.34 10.78 15.68 0 0 0 
34.3 8.82 15.68 0 0 0 
32.34 14.7 15.68 0 0 0 
34.3 12.74 15.68 0 0 0 
32.34 18.62 15.68 0 0 0 
34.3 16.66 15.68 0 0 0 
32.34 22.54 15.68 0 0 0 
34.3 20.58 15.68 0 0 0 
32.34 26.46 15.68 0 0 0 
34.3 24.5 15.68 0 0 0 
32.34 30.38 15.68 0 0 0 
34.3 28.42 15.68 0 0 0 
32.34 34.3 15.68 0 0 0 
34.3 32.34 15.68 0 0 0 
32.34 38.22 15.68 0 0 0 
34.3 36.26 15.68 0 0 0 
32.34 42.14 15.68 0 0 0 
34.3 40.18 15.68 0 0 0 
32.34 46.06 15.68 0 0 0 
34.3 44.1 15.68 0 0 0 
36.26 2.94 15.68 0 0 0 
38.22 0.98 15.68 0 0 0 
36.26 6.86 15.68 0 0 0 
38.22 4.9 15.68 0 0 0 
36.26 10.78 15.68 0 0 0 
38.22 8.82 15.68 0 0 0 
36.26 14.7 15.68 0 0 0 
38.22 12.74 15.68 0 0 0 
36.26 18.62 15.68 0 0 0 
38.22 16.66 15.68 0 0 0 
36.26 22.54 15.68 0 0 0 
38.22 20.58 15.68 0 0 0 
36.26 26.46 15.68 0 0 0 
38.22 24.5 15.68 0 0 0 
36.26 30.38 15.68 0 0 0 
38.22 28.42 15.68 0 0 0 
36.26 34.3 15.68 0 0 0 
38.22 32.34 15.68 0 0 0 
36.26 38.22 15.68 0 0 0 
38.22 36.26 15.68 0 0 0 
36.26 42.14 15.68 0 0 0 
38.22 40.18 15.68 0 0 0 
36.26 46.06 15.68 0 0 0 
38.22 44.1 15.68 0 0 0 
40.18 2.94 15.68 0 0 0 
42.14 0.98 15.68 0 0 0 
40.18 6.86 15.68 0 0 0 
42.14 4.9 15.68 0 0 0 
40.18 10.78 15.68 0 0 0 
42.14 8.82 15.68 0 0 0 
40.18 14.7 15.68 0 0 0 
42.14 12.74 15.68 0 0 0 
40.18 18.62 15.68 0 0 0 
42.14 16.66 15.68 0 0 0 
40.18 22.54 15.68 0 0 0 
42.14 20.58 15.68 0 0 0 
40.18 26.46 15.68 0 0 0 
42.14 24.5 15.68 0 0 0 
40.18 30.38 15.68 0 0 0 
42.14 28.42 15.68 0 0 0 
40.18 34.3 15.68 0 0 0 
42.14 32.34 15.68 0 0 0 
40.18 38.22 15.68 0 0 0 
42.14 36.26 15.68 0 0 0 
40.18 42.14 15.68 0 0 0 
42.14 40.18 15.68 0 0 0 
40.18 46.06 15.68 0 0 0 
42.14 44.1 15.68 0 0 0 
44.1 2.94 15.68 0 0 0 
46.06 0.98 15.68 0 0 0 
44.1 6.86 15.68 0 0 0 
46.06 4.9 15.68 0 0 0 
44.1 10.78 15.68 0 0 0 
46.06 8.82 15.68 0 0 0 
44.1 14.7 15.68 0 0 0 
46.06 12.74 15.68 0 0 0 
44.1 18.62 15.68 0 0 0 
46.06 16.66 15.68 0 0 0 
44.1 22.54 15.68 0 0 0 
46.06 20.58 15.68 0 0 0 
44.1 26.46 15.68 0 0 0 
46.06 24.5 15.68 0 0 0 
44.1 30.38 15.68 0 0 0 
46.06 28.42 15.68 0 0 0 
44.1 34.3 15.68 0 0 0 
46.06 32.34 15.68 0 0 0 
44.1 38.22 15.68 0 0 0 
46.06 36.26 15.68 0 0 0 
44.1 42.14 15.68 0 0 0 
46.06 40.18 15.68 0 0 0 
44.1 46.06 15.68 0 0 0 
46.06 44.1 15.68 0 0 0 
0.98 0.98 17.64 0 0 0 
2.94 2.94 17.64 0 0 0 
0.98 4.9 17.64 0 0 0 
2.94 6.86 17.64 0 0 0 
0.98 8.82 17.64 0 0 0 
2.94 10.78 17.64 0 0 0 
0.98 12.74 17.64 0 0 0 
2.94 14.7 17.64 0 0 0 
0.98 16.66 17.64 0 0 0 
2.94 18.62 17.64 0 0 0 
0.98 20.58 17.64 0 0 0 
2.94 22.54 17.64 0 0 0 
0.98 24.5 17.64 0 0 0 
2.94 26.46 17.64 0 0 0 
0.98 28.42 17.64 0 0 0 
2.94 30.38 17.64 0 0 0 
0.98 32.34 17.64 0 0 0 
2.94 34.3 17.64 0 0 0 
0.98 36.26 17.64 0 0 0 
2.94 38.22 17.64 0 0 0 
0.98 40.18 17.64 0 0 0 
2.94 42.14 17.64 0 0 0 
0.98 44.1 17.64 0 0 0 
2.94 46.06 17.64 0 0 0 
4.9 0.98 17.64 0 0 0 
6.86 2.94 17.64 0 0 0 
4.9 4.9 17.64 0 0 0 
6.86 6.86 17.64 0 0 0 
4.9 8.82 17.64 0 0 0 
6.86 10.78 17.64 0 0 0 
4.9 12.74 17.64 0 0 0 
6.86 14.7 17.64 0 0 0 
4.9 16.66 17.64 0 0 0 
6.86 18.62 17.64 0 0 0 
4.9 20.58 17.64 0 0 0 
6.86 22.54 17.64 0 0 0 
4.9 24.5 17.64 0 0 0 
6.86 26.46 17.64 0 0 0 
4.9 28.42 17.64 0 0 0 
6.86 30.38 17.64 0 0 0 
4.9 32.34 17.64 0 0 0 
6.86 34.3 17.64 0 0 0 
4.9 36.26 17.64 0 0 0 
6.86 38.22 17.64 0 0 0 
4.9 40.18 17.64 0 0 0 
6.86 42.14 17.64 0 0 0 
4.9 44.1 17.64 0 0 0 
6.86 46.06 17.64 0 0 0 
8.82 0.98 17.64 0 0 0 
10.78 2.94 17.64 0 0 0 
8.82 4.9 17.64 0 0 0 
10.78 6.86 17.64 0 0 0 
8.82 8.82 17.64 0 0 0 
10.78 10.78 17.64 0 0 0 
8.82 12.74 17.64 0 0 0 
10.78 14.7 17.64 0 0 0 
8.82 16.66 17.64 0 0 0 
10.78 18.62 17.64 0 0 0 
8.82 20.58 17.64 0 0 0 
10.78 22.54 17.64 0 0 0 
8.82 24.5 17.64 0 0 0 
10.78 26.46 17.64 0 0 0 
8.82 28.42 17.64 0 0 0 
10.78 30.38 17.64 0 0 0 
8.82 32.34 17.64 0 0 0 
10.78 34.3 17.64 0 0 0 
8.82 36.26 17.64 0 0 0 
10.78 38.22 17.64 0 0 0 
8.82 40.18 17.64 0 0 0 
10.78 42.14 17.64 0 0 0 
8.82 44.1 17.64 0 0 0 
10.78 46.06 17.64 0 0 0 
12.74 0.98 17.64 0 0 0 
14.7 2.94 17.64 0 0 0 
12.74 4.9 17.64 0 0 0 
14.7 6.86 17.64 0 0 0 
12.74 8.82 17.64 0 0 0 
14.7 10.78 17.64 0 0 0 
12.74 12.74 17.64 0 0 0 
14.7 14.7 17.64 0 0 0 
12.74 16.66 17.64 0 0 0 
14.7 18.62 17.64 0 0 0 
12.74 20.58 17.64 0 0 0 
14.7 22.54 17.64 0 0 0 
12.74 24.5 17.64 0 0 0 
14.7 26.46 17.64 0 0 0 
12.74 28.42 17.64 0 0 0 
14.7 30.38 17.64 0 0 0 
12.74 32.34 17.64 0 0 0 
14.7 34.3 17.64 0 0 0 
12.74 36.26 17.64 0 0 0 
14.7 38.22 17.64 0 0 0 
12.74 40.18 17.64 0 0 0 
14.7 42.14 17.64 0 0 0 
12.74 44.1 17.64 0 0 0 
14.7 46.06 17.64 0 0 0 
16.66 0.98 17.64 0 0 0 
18.62 2.94 17.64 0 0 0 
16.66 4.9 17.64 0 0 0 
18.62 6.86 17.64 0 0 0 
16.66 8.82 17.64 0 0 0 
18.62 10.78 17.64 0 0 0 
16.66 12.74 17.64 0 0 0 
18.62 14.7 17.64 0 0 0 
16.66 16.66 17.64 0 0 0 
18.62 18.62 17.64 0 0 0 
16.66 20.58 17.64 0 0 0 
18.62 22.54 17.64 0 0 0 
16.66 24.5 17.64 0 0 0 
18.62 26.46 17.64 0 0 0 
16.66 28.42 17.64 0 0 0 
18.62 30.38 17.64 0 0 0 
16.66 32.34 17.64 0 0 0 
18.62 34.3 17.64 0 0 0 
16.66 36.26 17.64 0 0 0 
18.62 38.22 17.64 0 0 0 
16.66 40.18 17.64 0 0 0 
18.62 42.14 17.64 0 0 0 
16.66 44.1 17.64 0 0 0 
18.62 46.06 17.64 0 0 0 
20.58 0.98 17.64 0 0 0 
22.54 2.94 17.64 0 0 0 
20.58 4.9 17.64 0 0 0 
22.54 6.86 17.64 0 0 0 
20.58 8.82 17.64 0 0 0 
22.54 10.78 17.64 0 0 0 
20.58 12.74 17.64 0 0 0 
22.54 14.7 17.64 0 0 0 
20.58 16.66 17.64 0 0 0 
22.54 18.62 17.64 0 0 0 
20.58 20.58 17.64 0 0 0 
22.54 22.54 17.64 0 0 0 
20.58 24.5 17.64 0 0 0 
22.54 26.46 17.64 0 0 0 
20.58 28.42 17.64 0 0 0 
22.54 30.38 17.64 0 0 0 
20.58 32.34 17.64 0 0 0 
22.54 34.3 17.64 0 0 0 
20.58 36.26 17.64 0 0 0 
22.54 38.22 17.64 0 0 0 
20.58 40.18 17.64 0 0 0 
22.54 42.14 17.64 0 0 0 
20.58 44.1 17.64 0 0 0 
22.54 46.06 17.64 0 0 0 
24.5 0.98 17.64 0 0 0 
26.46 2.94 17.64 0 0 0 
24.5 4.9 17.64 0 0 0 
26.46 6.86 17.64 0 0 0 
24.5 8.82 17.64 0 0 0 
26.46 10.78 17.64 0 0 0 
24.5 12.74 17.64 0 0 0 
26.46 14.7 17.64 0 0 0 
24.5 16.66 17.64 0 0 0 
26.46 18.62 17.64 0 0 0 
24.5 20.58 17.64 0 0 0 
26.46 22.54 17.64 0 0 0 
24.5 24.5 17.64 0 0 0 
26.46 26.46 17.64 0 0 0 
24.5 28.42 17.64 0 0 0 
26.46 30.38 17.64 0 0 0 
24.5 32.34 17.64 0 0 0 
26.46 34.3 17.64 0 0 0 
24.5 36.26 17.64 0 0 0 
26.46 38.22 17.64 0 0 0 
24.5 40.18 17.64 0 0 0 
26.46 42.14 17.64 0 0 0 
24.5 44.1 17.64 0 0 0 
26.46 46.06 17.64 0 0 0 
28.42 0.98 17.64 0 0 0 
30.38 2.94 17.64 0 0 0 
28.42 4.9 17.64 0 0 0 
30.38 6.86 17.64 0 0 0 
28.42 8.82 17.64 0 0 0 
30.38 10.78 17.64 0 0 0 
28.42 12.74 17.64 0 0 0 
30.38 14.7 17.64 0 0 0 
28.42 16.66 17.64 0 0 0 
30.38 18.62 17.64 0 0 0 
28.42 20.58 17.64 0 0 0 
30.38 22.54 17.64 0 0 0 
28.42 24.5 17.64 0 0 0 
30.38 26.46 17.64 0 0 0 
28.42 28.42 17.64 0 0 0 
30.38 30.38 17.64 0 0 0 
28.42 32.34 17.64 0 0 0 
30.38 34.3 17.64 0 0 0 
28.42 36.26 17.64 0 0 0 
30.38 38.22 17.64 0 0 0 
28.42 40.18 17.64 0 0 0 
30.38 42.14 17.64 0 0 0 
28.42 44.1 17.64 0 0 0 
30.38 46.06 17.64 0 0 0 
32.34 0.98 17.64 0 0 0 
34.3 2.94 17.64 0 0 0 
32.34 4.9 17.64 0 0 0 
34.3 6.86 17.64 0 0 0 
32.34 8.82 17.64 0 0 0 
34.3 10.78 17.64 0 0 0 
32.34 12.74 17.64 0 0 0 
34.3 14.7 17.64 0 0 0 
32.34 16.66 17.64 0 0 0 
34.3 18.62 17.64 0 0 0 
32.34 20.58 17.64 0 0 0 
34.3 22.54 17.64 0 0 0 
32.34 24.5 17.64 0 0 0 
34.3 26.46 17.64 0 0 0 
32.34 28.42 17.64 0 0 0 
34.3 30.38 17.64 0 0 0 
32.34 32.34 17.64 0 0 0 
34.3 34.3 17.64 0 0 0 
32.34 36.26 17.64 0 0 0 
34.3 38.22 17.64 0 0 0 
32.34 40.18 17.64 0 0 0 
34.3 42.14 17.64 0 0 0 
32.34 44.1 17.64 0 0 0 
34.3 46.06 17.64 0 0 0 
36.26 0.98 17.64 0 0 0 
38.22 2.94 17.64 0 0 0 
36.26 4.9 17.64 0 0 0 
38.22 6.86 17.64 0 0 0 
36.26 8.82 17.64 0 0 0 
38.22 10.78 17.64 0 0 0 
36.26 12.74 17.64 0 0 0 
38.22 14.7 17.64 0 0 0 
36.26 16.66 17.64 0 0 0 
38.22 18.62 17.64 0 0 0 
36.26 20.58 17.64 0 0 0 
38.22 22.54 17.64 0 0 0 
36.26 24.5 17.64 0 0 0 
38.22 26.46 17.64 0 0 0 
36.26 28.42 17.64 0 0 0 
38.22 30.38 17.64 0 0 0 
36.26 32.34 17.64 0 0 0 
38.22 34.3 17.64 0 0 0 
36.26 36.26 17.64 0 0 0 
38.22 38.22 17.64 0 0 0 
36.26 40.18 17.64 0 0 0 
38.22 42.14 17.64 0 0 0 
36.26 44.1 17.64 0 0 0 
38.22 46.06 17.64 0 0 0 
40.18 0.98 17.64 0 0 0 
42.14 2.94 17.64 0 0 0 
40.18 4.9 17.64 0 0 0 
42.14 6.86 17.64 0 0 0 
40.18 8.82 17.64 0 0 0 
42.14 10.78 17.64 0 0 0 
40.18 12.74 17.64 0 0 0 
42.14 14.7 17.64 0 0 0 
40.18 16.66 17.64 0 0 0 
42.14 18.62 17.64 0 0 0 
40.18 20.58 17.64 0 0 0 
42.14 22.54 17.64 0 0 0 
40.18 24.5 17.64 0 0 0 
42.14 26.46 17.64 0 0 0 
40.18 28.42 17.64 0 0 0 
42.14 30.38 17.64 0 0 0 
40.18 32.34 17.64 0 0 0 
42.14 34.3 17.64 0 0 0 
40.18 36.26 17.64 0 0 0 
42.14 38.22 17.64 0 0 0 
40.18 40.18 17.64 0 0 0 
42.14 42.14 17.64 0 0 0 
40.18 44.1 17.64 0 0 0 
42.14 46.06 17.64 0 0 0 
44.1 0.98 17.64 0 0 0 
46.06 2.94 17.64 0 0 0 
44.1 4.9 17.64 0 0 0 
46.06 6.86 17.64 0 0 0 
44.1 8.82 17.64 0 0 0 
46.06 10.78 17.64 0 0 0 
44.1 12.74 17.64 0 0 0 
46.06 14.7 17.64 0 0 0 
44.1 16.66 17.64 0 0 0 
46.06 18.62 17.64 0 0 0 
44.1 20.58 17.64 0 0 0 
46.06 22.54 17.64 0 0 0 
44.1 24.5 17.64 0 0 0 
46.06 26.46 17.64 0 0 0 
44.1 28.42 17.64 0 0 0 
46.06 30.38 17.64 0 0 0 
44.1 32.34 17.64 0 0 0 
46.06 34.3 17.64 0 0 0 
44.1 36.26 17.64 0 0 0 
46.06 38.22 17.64 0 0 0 
44.1 40.18 17.64 0 0 0 
46.06 42.14 17.64 0 0 0 
44.1 44.1 17.64 0 0 0 
46.06 46.06 17.64 0 0 0 
0.98 2.94 19.6 0 0 0 
2.94 0.98 19.6 0 0 0 
0.98 6.86 19.6 0 0 0 
2.94 4.9 19.6 0 0 0 
0.98 10.78 19.6 0 0 0 
2.94 8.82 19.6 0 0 0 
0.98 14.7 19.6 0 0 0 
2.94 12.74 19.6 0 0 0 
0.98 18.62 19.6 0 0 0 
2.94 16.66 19.6 0 0 0 
0.98 22.54 19.6 0 0 0 
2.94 20.58 19.6 0 0 0 
0.98 26.46 19.6 0 0 0 
2.94 24.5 19.6 0 0 0 
0.98 30.38 19.6 0 0 0 
2.94 28.42 19.6 0 0 0 
0.98 34.3 19.6 0 0 0 
2.94 32.34 19.6 0 0 0 
0.98 38.22 19.6 0 0 0 
2.94 36.26 19.6 0 0 0 
0.98 42.14 19.6 0 0 0 
2.94 40.18 19.6 0 0 0 
0.98 46.06 19.6 0 0 0 
2.94 44.1 19.6 0 0 0 
4.9 2.94 19.6 0 0 0 
6.86 0.98 19.6 0 0 0 
4.9 6.86 19.6 0 0 0 
6.86 4.9 19.6 0 0 0 
4.9 10.78 19.6 0 0 0 
6.86 8.82 19.6 0 0 0 
4.9 14.7 19.6 0 0 0 
6.86 12.74 19.6 0 0 0 
4.9 18.62 19.6 0 0 0 
6.86 16.66 19.6 0 0 0 
4.9 22.54 19.6 0 0 0 
6.86 20.58 19.6 0 0 0 
4.9 26.46 19.6 0 0 0 
6.86 24.5 19.6 0 0 0 
4.9 30.38 19.6 0 0 0 
6.86 28.42 19.6 0 0 0 
4.9 34.3 19.6 0 0 0 
6.86 32.34 19.6 0 0 0 
4.9 38.22 19.6 0 0 0 
6.86 36.26 19.6 0 0 0 
4.9 42.14 19.6 0 0 0 
6.86 40.18 19.6 0 0 0 
4.9 46.06 19.6 0 0 0 
6.86 44.1 19.6 0 0 0 
8.82 2.94 19.6 0 0 0 
10.78 0.98 19.6 0 0 0 
8.82 6.86 19.6 0 0 0 
10.78 4.9 19.6 0 0 0 
8.82 10.78 19.6 0 0 0 
10.78 8.82 19.6 0 0 0 
8.82 14.7 19.6 0 0 0 
10.78 12.74 19.6 0 0 0 
8.82 18.62 19.6 0 0 0 
10.78 16.66 19.6 0 0 0 
8.82 22.54 19.6 0 0 0 
10.78 20.58 19.6 0 0 0 
8.82 26.46 19.6 0 0 0 
10.78 24.5 19.6 0 0 0 
8.82 30.38 19.6 0 0 0 
10.78 28.42 19.6 0 0 0 
8.82 34.3 19.6 0 0 0 
10.78 32.34 19.6 0 0 0 
8.82 38.22 19.6 0 0 0 
10.78 36.26 19.6 0 0 0 
8.82 42.14 19.6 0 0 0 
10.78 40.18 19.6 0 0 0 
8.82 46.06 19.6 0 0 0 
10.78 44.1 19.6 0 0 0 
12.74 2.94 19.6 0 0 0 
14.7 0.98 19.6 0 0 0 
12.74 6.86 19.6 0 0 0 
14.7 4.9 19.6 0 0 0 
12.74 10.78 19.6 0 0 0 
14.7 8.82 19.6 0 0 0 
12.74 14.7 19.6 0 0 0 
14.7 12.74 19.6 0 0 0 
12.74 18.62 19.6 0 0 0 
14.7 16.66 19.6 0 0 0 
12.74 22.54 19.6 0 0 0 
14.7 20.58 19.6 0 0 0 
12.74 26.46 19.6 0 0 0 
14.7 24.5 19.6 0 0 0 
12.74 30.38 19.6 0 0 0 
14.7 28.42 19.6 0 0 0 
12.74 34.3 19.6 0 0 0 
14.7 32.34 19.6 0 0 0 
12.74 38.22 19.6 0 0 0 
14.7 36.26 19.6 0 0 0 
12.74 42.14 19.6 0 0 0 
14.7 40.18 19.6 0 0 0 
12.74 46.06 19.6 0 0 0 
14.7 44.1 19.6 0 0 0 
16.66 2.94 19.6 0 0 0 
18.62 0.98 19.6 0 0 0 
16.66 6.86 19.6 0 0 0 
18.62 4.9 19.6 0 0 0 
16.66 10.78 19.6 0 0 0 
18.62 8.82 19.6 0 0 0 
16.66 14.7 19.6 0 0 0 
18.62 12.74 19.6 0 0 0 
16.66 18.62 19.6 0 0 0 
18.62 16.66 19.6 0 0 0 
16.66 22.54 19.6 0 0 0 
18.62 20.58 19.6 0 0 0 
16.66 26.46 19.6 0 0 0 
18.62 24.5 19.6 0 0 0 
16.66 30.38 19.6 0 0 0 
18.62 28.42 19.6 0 0 0 
16.66 34.3 19.6 0 0 0 
18.62 32.34 19.6 0 0 0 
16.66 38.22 19.6 0 0 0 
18.62 36.26 19.6 0 0 0 
16.66 42.14 19.6 0 0 0 
18.62 40.18 19.6 0 0 0 
16.66 46.06 19.6 0 0 0 
18.62 44.1 19.6 0 0 0 
20.58 2.94 19.6 0 0 0 
22.54 0.98 19.6 0 0 0 
20.58 6.86 19.6 0 0 0 
22.54 4.9 19.6 0 0 0 
20.58 10.78 19.6 0 0 0 
22.54 8.82 19.6 0 0 0 
20.58 14.7 19.6 0 0 0 
22.54 12.74 19.6 0 0 0 
20.58 18.62 19.6 0 0 0 
22.54 16.66 19.6 0 0 0 
20.58 22.54 19.6 0 0 0 
22.54 20.58 19.6 0 0 0 
20.58 26.46 19.6 0 0 0 
22.54 24.5 19.6 0 0 0 
20.58 30.38 19.6 0 0 0 
22.54 28.42 19.6 0 0 0 
20.58 34.3 19.6 0 0 0 
22.54 32.34 19.6 0 0 0 
20.58 38.22 19.6 0 0 0 
22.54 36.26 19.6 0 0 0 
20.58 42.14 19.6 0 0 0 
22.54 40.18 19.6 0 0 0 
20.58 46.06 19.6 0 0 0 
22.54 44.1 19.6 0 0 0 
24.5 2.94 19.6 0 0 0 
26.46 0.98 19.6 0 0 0 
24.5 6.86 19.6 0 0 0 
26.46 4.9 19.6 0 0 0 
24.5 10.78 19.6 0 0 0 
26.46 8.82 19.6 0 0 0 
24.5 14.7 19.6 0 0 0 
26.46 12.74 19.6 0 0 0 
24.5 18.62 19.6 0 0 0 
26.46 16.66 19.6 0 0 0 
24.5 22.54 19.6 0 0 0 
26.46 20.58 19.6 0 0 0 
24.5 26.46 19.6 0 0 0 
26.46 24.5 19.6 0 0 0 
24.5 30.38 19.6 0 0 0 
26.46 28.42 19.6 0 0 0 
24.5 34.3 19.6 0 0 0 
26.46 32.34 19.6 0 0 0 
24.5 38.22 19.6 0 0 0 
26.46 36.26 19.6 0 0 0 
24.5 42.14 19.6 0 0 0 
26.46 40.18 19.6 0 0 0 
24.5 46.06 19.6 0 0 0 
26.46 44.1 19.6 0 0 0 
28.42 2.94 19.6 0 0 0 
30.38 0.98 19.6 0 0 0 
28.42 6.86 19.6 0 0 0 
30.38 4.9 19.6 0 0 0 
28.42 10.78 19.6 0 0 0 
30.38 8.82 19.6 0 0 0 
28.42 14.7 19.6 0 0 0 
30.38 12.74 19.6 0 0 0 
28.42 18.62 19.6 0 0 0 
30.38 16.66 19.6 0 0 0 
28.42 22.54 19.6 0 0 0 
30.38 20.58 19.6 0 0 0 
28.42 26.46 19.6 0 0 0 
30.38 24.5 19.6 0 0 0 
28.42 30.38 19.6 0 0 0 
30.38 28.42 19.6 0 0 0 
28.42 34.3 19.6 0 0 0 
30.38 32.34 19.6 0 0 0 
28.42 38.22 19.6 0 0 0 
30.38 36.26 19.6 0 0 0 
28.42 42.14 19.6 0 0 0 
30.38 40.18 19.6 0 0 0 
28.42 46.06 19.6 0 0 0 
30.38 44.1 19.6 0 0 0 
32.34 2.94 19.6 0 0 0 
34.3 0.98 19.6 0 0 0 
32.34 6.86 19.6 0 0 0 
34.3 4.9 19.6 0 0 0 
32.34 10.78 19.6 0 0 0 
34.3 8.82 19.6 0 0 0 
32.34 14.7 19.6 0 0 0 
34.3 12.74 19.6 0 0 0 
32.34 18.62 19.6 0 0 0 
34.3 16.66 19.6 0 0 0 
32.34 22.54 19.6 0 0 0 
34.3 20.58 19.6 0 0 0 
32.34 26.46 19.6 0 0 0 
34.3 24.5 19.6 0 0 0 
32.34 30.38 19.6 0 0 0 
34.3 28.42 19.6 0 0 0 
32.34 34.3 19.6 0 0 0 
34.3 32.34 19.6 0 0 0 
32.34 38.22 19.6 0 0 0 
34.3 36.26 19.6 0 0 0 
32.34 42.14 19.6 0 0 0 
34.3 40.18 19.6 0 0 0 
32.34 46.06 19.6 0 0 0 
34.3 44.1 19.6 0 0 0 
36.26 2.94 19.6 0 0 0 
38.22 0.98 19.6 0 0 0 
36.26 6.86 19.6 0 0 0 
38.22 4.9 19.6 0 0 0 
36.26 10.78 19.6 0 0 0 
38.22 8.82 19.6 0 0 0 
36.26 14.7 19.6 0 0 0 
38.22 12.74 19.6 0 0 0 
36.26 18.62 19.6 0 0 0 
38.22 16.66 19.6 0 0 0 
36.26 22.54 19.6 0 0 0 
38.22 20.58 19.6 0 0 0 
36.26 26.46 19.6 0 0 0 
38.22 24.5 19.6 0 0 0 
36.26 30.38 19.6 0 0 0 
38.22 28.42 19.6 0 0 0 
36.26 34.3 19.6 0 0 0 
38.22 32.34 19.6 0 0 0 
36.26 38.22 19.6 0 0 0 
38.22 36.26 19.6 0 0 0 
36.26 42.14 19.6 0 0 0 
38.22 40.18 19.6 0 0 0 
36.26 46.06 19.6 0 0 0 
38.22 44.1 19.6 0 0 0 
40.18 2.94 19.6 0 0 0 
42.14 0.98 19.6 0 0 0 
40.18 6.86 19.6 0 0 0 
42.14 4.9 19.6 0 0 0 
40.18 10.78 19.6 0 0 0 
42.14 8.82 19.6 0 0 0 
40.18 14.7 19.6 0 0 0 
42.14 12.74 19.6 0 0 0 
40.18 18.62 19.6 0 0 0 
42.14 16.66 19.6 0 0 0 
40.18 22.54 19.6 0 0 0 
42.14 20.58 19.6 0 0 0 
40.18 26.46 19.6 0 0 0 
42.14 24.5 19.6 0 0 0 
40.18 30.38 19.6 0 0 0 
42.14 28.42 19.6 0 0 0 
40.18 34.3 19.6 0 0 0 
42.14 32.34 19.6 0 0 0 
40.18 38.22 19.6 0 0 0 
42.14 36.26 19.6 0 0 0 
40.18 42.14 19.6 0 0 0 
42.14 40.18 19.6 0 0 0 
40.18 46.06 19.6 0 0 0 
42.14 44.1 19.6 0 0 0 
44.1 2.94 19.6 0 0 0 
46.06 0.98 19.6 0 0 0 
44.1 6.86 19.6 0 0 0 
46.06 4.9 19.6 0 0 0 
44.1 10.78 19.6 0 0 0 
46.06 8.82 19.6 0 0 0 
44.1 14.7 19.6 0 0 0 
46.06 12.74 19.6 0 0 0 
44.1 18.62 19.6 0 0 0 
46.06 16.66 19.6 0 0 0 
44.1 22.54 19.6 0 0 0 
46.06 20.58 19.6 0 0 0 
44.1 26.46 19.6 0 0 0 
46.06 24.5 19.6 0 0 0 
44.1 30.38 19.6 0 0 0 
46.06 28.42 19.6 0 0 0 
44.1 34.3 19.6 0 0 0 
46.06 32.34 19.6 0 0 0 
44.1 38.22 19.6 0 0 0 
46.06 36.26 19.6 0 0 0 
44.1 42.14 19.6 0 0 0 
46.06 40.18 19.6 0 0 0 
44.1 46.06 19.6 0 0 0 
46.06 44.1 19.6 0 0 0 
0.98 0.98 21.56 0 0 0 
2.94 2.94 21.56 0 0 0 
0.98 4.9 21.56 0 0 0 
2.94 6.86 21.56 0 0 0 
0.98 8.82 21.56 0 0 0 
2.94 10.78 21.56 0 0 0 
0.98 12.74 21.56 0 0 0 
2.94 14.7 21.56 0 0 0 
0.98 16.66 21.56 0 0 0 
2.94 18.62 21.56 0 0 0 
0.98 20.58 21.56 0 0 0 
2.94 22.54 21.56 0 0 0 
0.98 24.5 21.56 0 0 0 
2.94 26.46 21.56 0 0 0 
0.98 28.42 21.56 0 0 0 
2.94 30.38 21.56 0 0 0 
0.98 32.34 21.56 0 0 0 
2.94 34.3 21.56 0 0 0 
0.98 36.26 21.56 0 0 0 
2.94 38.22 21.56 0 0 0 
0.98 40.18 21.56 0 0 0 
2.94 42.14 21.56 0 0 0 
0.98 44.1 21.56 0 0 0 
2.94 46.06 21.56 0 0 0 
4.9 0.98 21.56 0 0 0 
6.86 2.94 21.56 0 0 0 
4.9 4.9 21.56 0 0 0 
6.86 6.86 21.56 0 0 0 
4.9 8.82 21.56 0 0 0 
6.86 10.78 21.56 0 0 0 
4.9 12.74 21.56 0 0 0 
6.86 14.7 21.56 0 0 0 
4.9 16.66 21.56 0 0 0 
6.86 18.62 21.56 0 0 0 
4.9 20.58 21.56 0 0 0 
6.86 22.54 21.56 0 0 0 
4.9 24.5 21.56 0 0 0 
6.86 26.46 21.56 0 0 0 
4.9 28.42 21.56 0 0 0 
6.86 30.38 21.56 0 0 0 
4.9 32.34 21.56 0 0 0 
6.86 34.3 21.56 0 0 0 
4.9 36.26 21.56 0 0 0 
6.86 38.22 21.56 0 0 0 
4.9 40.18 21.56 0 0 0 
6.86 42.14 21.56 0 0 0 
4.9 44.1 21.56 0 0 0 
6.86 46.06 21.56 0 0 0 
8.82 0.98 21.56 0 0 0 
10.78 2.94 21.56 0 0 0 
8.82 4.9 21.56 0 0 0 
10.78 6.86 21.56 0 0 0 
8.82 8.82 21.56 0 0 0 
10.78 10.78 21.56 0 0 0 
8.82 12.74 21.56 0 0 0 
10.78 14.7 21.56 0 0 0 
8.82 16.66 21.56 0 0 0 
10.78 18.62 21.56 0 0 0 
8.82 20.58 21.56 0 0 0 
10.78 22.54 21.56 0 0 0 
8.82 24.5 21.56 0 0 0 
10.78 26.46 21.56 0 0 0 
8.82 28.42 21.56 0 0 0 
10.78 30.38 21.56 0 0 0 
8.82 32.34 21.56 0 0 0 
10.78 34.3 21.56 0 0 0 
8.82 36.26 21.56 0 0 0 
10.78 38.22 21.56 0 0 0 
8.82 40.18 21.56 0 0 0 
10.78 42.14 21.56 0 0 0 
8.82 44.1 21.56 0 0 0 
10.78 46.06 21.56 0 0 0 
12.74 0.98 21.56 0 0 0 
14.7 2.94 21.56 0 0 0 
12.74 4.9 21.56 0 0 0 
14.7 6.86 21.56 0 0 0 
12.74 8.82 21.56 0 0 0 
14.7 10.78 21.56 0 0 0 
12.74 12.74 21.56 0 0 0 
14.7 14.7 21.56 0 0 0 
12.74 16.66 21.56 0 0 0 
14.7 18.62 21.56 0 0 0 
12.74 20.58 21.56 0 0 0 
14.7 22.54 21.56 0 0 0 
12.74 24.5 21.56 0 0 0 
14.7 26.46 21.56 0 0 0 
12.74 28.42 21.56 0 0 0 
14.7 30.38 21.56 0 0 0 
12.74 32.34 21.56 0 0 0 
14.7 34.3 21.56 0 0 0 
12.74 36.26 21.56 0 0 0 
14.7 38.22 21.56 0 0 0 
12.74 40.18 21.56 0 0 0 
14.7 42.14 21.56 0 0 0 
12.74 44.1 21.56 0 0 0 
14.7 46.06 21.56 0 0 0 
16.66 0.98 21.56 0 0 0 
18.62 2.94 21.56 0 0 0 
16.66 4.9 21.56 0 0 0 
18.62 6.86 21.56 0 0 0 
16.66 8.82 21.56 0 0 0 
18.62 10.78 21.56 0 0 0 
16.66 12.74 21.56 0 0 0 
18.62 14.7 21.56 0 0 0 
16.66 16.66 21.56 0 0 0 
18.62 18.62 21.56 0 0 0 
16.66 20.58 21.56 0 0 0 
18.62 22.54 21.56 0 0 0 
16.66 24.5 21.56 0 0 0 
18.62 26.46 21.56 0 0 0 
16.66 28.42 21.56 0 0 0 
18.62 30.38 21.56 0 0 0 
16.66 32.34 21.56 0 0 0 
18.62 34.3 21.56 0 0 0 
16.66 36.26 21.56 0 0 0 
18.62 38.22 21.56 0 0 0 
16.66 40.18 21.56 0 0 0 
18.62 42.14 21.56 0 0 0 
16.66 44.1 21.56 0 0 0 
18.62 46.06 21.56 0 0 0 
20.58 0.98 21.56 0 0 0 
22.54 2.94 21.56 0 0 0 
20.58 4.9 21.56 0 0 0 
22.54 6.86 21.56 0 0 0 
20.58 8.82 21.56 0 0 0 
22.54 10.78 21.56 0 0 0 
20.58 12.74 21.56 0 0 0 
22.54 14.7 21.56 0 0 0 
20.58 16.66 21.56 0 0 0 
22.54 18.62 21.56 0 0 0 
20.58 20.58 21.56 0 0 0 
22.54 22.54 21.56 0 0 0 
20.58 24.5 21.56 0 0 0 
22.54 26.46 21.56 0 0 0 
20.58 28.42 21.56 0 0 0 
22.54 30.38 21.56 0 0 0 
20.58 32.34 21.56 0 0 0 
22.54 34.3 21.56 0 0 0 
20.58 36.26 21.56 0 0 0 
22.54 38.22 21.56 0 0 0 
20.58 40.18 21.56 0 0 0 
22.54 42.14 21.56 0 0 0 
20.58 44.1 21.56 0 0 0 
22.54 46.06 21.56 0 0 0 
24.5 0.98 21.56 0 0 0 
26.46 2.94 21.56 0 0 0 
24.5 4.9 21.56 0 0 0 
26.46 6.86 21.56 0 0 0 
24.5 8.82 21.56 0 0 0 
26.46 10.78 21.56 0 0 0 
24.5 12.74 21.56 0 0 0 
26.46 14.7 21.56 0 0 0 
24.5 16.66 21.56 0 0 0 
26.46 18.62 21.56 0 0 0 
24.5 20.58 21.56 0 0 0 
26.46 22.54 21.56 0 0 0 
24.5 24.5 21.56 0 0 0 
26.46 26.46 21.56 0 0 0 
24.5 28.42 21.56 0 0 0 
26.46 30.38 21.56 0 0 0 
24.5 32.34 21.56 0 0 0 
26.46 34.3 21.56 0 0 0 
24.5 36.26 21.56 0 0 0 
26.46 38.22 21.56 0 0 0 
24.5 40.18 21.56 0 0 0 
26.46 42.14 21.56 0 0 0 
24.5 44.1 21.56 0 0 0 
26.46 46.06 21.56 0 0 0 
28.42 0.98 21.56 0 0 0 
30.38 2.94 21.56 0 0 0 
28.42 4.9 21.56 0 0 0 
30.38 6.86 21.56 0 0 0 
28.42 8.82 21.56 0 0 0 
30.38 10.78 21.56 0 0 0 
28.42 12.74 21.56 0 0 0 
30.38 14.7 21.56 0 0 0 
28.42 16.66 21.56 0 0 0 
30.38 18.62 21.56 0 0 0 
28.42 20.58 21.56 0 0 0 
30.38 22.54 21.56 0 0 0 
28.42 24.5 21.56 0 0 0 
30.38 26.46 21.56 0 0 0 
28.42 28.42 21.56 0 0 0 
30.38 30.38 21.56 0 0 0 
28.42 32.34 21.56 0 0 0 
30.38 34.3 21.56 0 0 0 
28.42 36.26 21.56 0 0 0 
30.38 38.22 21.56 0 0 0 
28.42 40.18 21.56 0 0 0 
30.38 42.14 21.56 0 0 0 
28.42 44.1 21.56 0 0 0 
30.38 46.06 21.56 0 0 0 
32.34 0.98 21.56 0 0 0 
34.3 2.94 21.56 0 0 0 
32.34 4.9 21.56 0 0 0 
34.3 6.86 21.56 0 0 0 
32.34 8.82 21.56 0 0 0 
34.3 10.78 21.56 0 0 0 
32.34 12.74 21.56 0 0 0 
34.3 14.7 21.56 0 0 0 
32.34 16.66 21.56 0 0 0 
34.3 18.62 21.56 0 0 0 
32.34 20.58 21.56 0 0 0 
34.3 22.54 21.56 0 0 0 
32.34 24.5 21.56 0 0 0 
34.3 26.46 21.56 0 0 0 
32.34 28.42 21.56 0 0 0 
34.3 30.38 21.56 0 0 0 
32.34 32.34 21.56 0 0 0 
34.3 34.3 21.56 0 0 0 
32.34 36.26 21.56 0 0 0 
34.3 38.22 21.56 0 0 0 
32.34 40.18 21.56 0 0 0 
34.3 42.14 21.56 0 0 0 
32.34 44.1 21.56 0 0 0 
34.3 46.06 21.56 0 0 0 
36.26 0.98 21.56 0 0 0 
38.22 2.94 21.56 0 0 0 
36.26 4.9 21.56 0 0 0 
38.22 6.86 21.56 0 0 0 
36.26 8.82 21.56 0 0 0 
38.22 10.78 21.56 0 0 0 
36.26 12.74 21.56 0 0 0 
38.22 14.7 21.56 0 0 0 
36.26 16.66 21.56 0 0 0 
38.22 18.62 21.56 0 0 0 
36.26 20.58 21.56 0 0 0 
38.22 22.54 21.56 0 0 0 
36.26 24.5 21.56 0 0 0 
38.22 26.46 21.56 0 0 0 
36.26 28.42 21.56 0 0 0 
38.22 30.38 21.56 0 0 0 
36.26 32.34 21.56 0 0 0 
38.22 34.3 21.56 0 0 0 
36.26 36.26 21.56 0 0 0 
38.22 38.22 21.56 0 0 0 
36.26 40.18 21.56 0 0 0 
38.22 42.14 21.56 0 0 0 
36.26 44.1 21.56 0 0 0 
38.22 46.06 21.56 0 0 0 
40.18 0.98 21.56 0 0 0 
42.14 2.94 21.56 0 0 0 
40.18 4.9 21.56 0 0 0 
42.14 6.86 21.56 0 0 0 
40.18 8.82 21.56 0 0 0 
42.14 10.78 21.56 0 0 0 
40.18 12.74 21.56 0 0 0 
42.14 14.7 21.56 0 0 0 
40.18 16.66 21.56 0 0 0 
42.14 18.62 21.56 0 0 0 
40.18 20.58 21.56 0 0 0 
42.14 22.54 21.56 0 0 0 
40.18 24.5 21.56 0 0 0 
42.14 26.46 21.56 0 0 0 
40.18 28.42 21.56 0 0 0 
42.14 30.38 21.56 0 0 0 
40.18 32.34 21.56 0 0 0 
42.14 34.3 21.56 0 0 0 
40.18 36.26 21.56 0 0 0 
42.14 38.22 21.56 0 0 0 
40.18 40.18 21.56 0 0 0 
42.14 42.14 21.56 0 0 0 
40.18 44.1 21.56 0 0 0 
42.14 46.06 21.56 0 0 0 
44.1 0.98 21.56 0 0 0 
46.06 2.94 21.56 0 0 0 
44.1 4.9 21.56 0 0 0 
46.06 6.86 21.56 0 0 0 
44.1 8.82 21.56 0 0 0 
46.06 10.78 21.56 0 0 0 
44.1 12.74 21.56 0 0 0 
46.06 14.7 21.56 0 0 0 
44.1 16.66 21.56 0 0 0 
46.06 18.62 21.56 0 0 0 
44.1 20.58 21.56 0 0 0 
46.06 22.54 21.56 0 0 0 
44.1 24.5 21.56 0 0 0 
46.06 26.46 21.56 0 0 0 
44.1 28.42 21.56 0 0 0 
46.06 30.38 21.56 0 0 0 
44.1 32.34 21.56 0 0 0 
46.06 34.3 21.56 0 0 0 
44.1 36.26 21.56 0 0 0 
46.06 38.22 21.56 0 0 0 
44.1 40.18 21.56 0 0 0 
46.06 42.14 21.56 0 0 0 
44.1 44.1 21.56 0 0 0 
46.06 46.06 21.56 0 0 0 
