0x6b18b0   90	0 0 1	0.98 0.98 13.72	0 0 0
0x6b63a0   90	0 0 1	2.94 2.94 13.72	0 0 0
0x6b6420   90	0 0 1	0.98 4.9 13.72	0 0 0
0x6b64a0   90	0 0 1	2.94 6.86 13.72	0 0 0
0x6b6520   90	0 0 1	0.98 8.82 13.72	0 0 0
0x6b67f0   90	0 0 1	2.94 10.78 13.72	0 0 0
0x25b2c60   90	0 0 1	4.9 0.98 13.72	0 0 0
0x25b2660   90	0 0 1	6.86 2.94 13.72	0 0 0
0x25b31e0   90	0 0 1	4.9 4.9 13.72	0 0 0
0x25b2760   90	0 0 1	6.86 6.86 13.72	0 0 0
0x25b27e0   90	0 0 1	4.9 8.82 13.72	0 0 0
0x25b2be0   90	0 0 1	6.86 10.78 13.72	0 0 0
0x6b8b40   90	0 0 1	8.82 0.98 13.72	0 0 0
0x6b72c0   90	0 0 1	10.78 2.94 13.72	0 0 0
0x6b7dc0   90	0 0 1	8.82 4.9 13.72	0 0 0
0x6b6f40   90	0 0 1	10.78 6.86 13.72	0 0 0
0x6b7b40   90	0 0 1	8.82 8.82 13.72	0 0 0
0x6b7440   90	0 0 1	10.78 10.78 13.72	0 0 0
0x25b6800   90	0 0 1	0.98 2.94 15.68	0 0 0
0x25b6f00   90	0 0 1	2.94 0.98 15.68	0 0 0
0x25b6980   90	0 0 1	0.98 6.86 15.68	0 0 0
0x25b6a00   90	0 0 1	2.94 4.9 15.68	0 0 0
0x25b6b00   90	0 0 1	0.98 10.78 15.68	0 0 0
0x25b6b80   90	0 0 1	2.94 8.82 15.68	0 0 0
0x25b7b90   90	0 0 1	4.9 2.94 15.68	0 0 0
0x25b8e10   90	0 0 1	6.86 0.98 15.68	0 0 0
0x25b8310   90	0 0 1	4.9 6.86 15.68	0 0 0
0x25b9410   90	0 0 1	6.86 4.9 15.68	0 0 0
0x25b8410   90	0 0 1	4.9 10.78 15.68	0 0 0
0x25b7590   90	0 0 1	6.86 8.82 15.68	0 0 0
0x25b8810   90	0 0 1	8.82 2.94 15.68	0 0 0
0x25b7a10   90	0 0 1	10.78 0.98 15.68	0 0 0
0x25b8f90   90	0 0 1	8.82 6.86 15.68	0 0 0
0x25b9210   90	0 0 1	10.78 4.9 15.68	0 0 0
0x25b7f90   90	0 0 1	8.82 10.78 15.68	0 0 0
0x25b8890   90	0 0 1	10.78 8.82 15.68	0 0 0
0x25bfdf0   90	0 0 1	0.98 0.98 17.64	0 0 0
0x25c01f0   90	0 0 1	2.94 2.94 17.64	0 0 0
0x25c0ff0   90	0 0 1	0.98 4.9 17.64	0 0 0
0x25c1a70   90	0 0 1	2.94 6.86 17.64	0 0 0
0x25c07f0   90	0 0 1	0.98 8.82 17.64	0 0 0
0x25c18f0   90	0 0 1	2.94 10.78 17.64	0 0 0
0x25c08f0   90	0 0 1	4.9 0.98 17.64	0 0 0
0x25c0970   90	0 0 1	6.86 2.94 17.64	0 0 0
0x25bfef0   90	0 0 1	4.9 4.9 17.64	0 0 0
0x25c09f0   90	0 0 1	6.86 6.86 17.64	0 0 0
0x25c13f0   90	0 0 1	4.9 8.82 17.64	0 0 0
0x25c0a70   90	0 0 1	6.86 10.78 17.64	0 0 0
0x25c36f0   90	0 0 1	8.82 0.98 17.64	0 0 0
0x25c23f0   90	0 0 1	10.78 2.94 17.64	0 0 0
0x25c21f0   90	0 0 1	8.82 4.9 17.64	0 0 0
0x25c39f0   90	0 0 1	10.78 6.86 17.64	0 0 0
0x25c3a70   90	0 0 1	8.82 8.82 17.64	0 0 0
0x25c3770   90	0 0 1	10.78 10.78 17.64	0 0 0
0x25c9210   90	0 0 1	0.98 2.94 19.6	0 0 0
0x25c9790   90	0 0 1	2.94 0.98 19.6	0 0 0
0x25c9310   90	0 0 1	0.98 6.86 19.6	0 0 0
0x25c9390   90	0 0 1	2.94 4.9 19.6	0 0 0
0x25c7e10   90	0 0 1	0.98 10.78 19.6	0 0 0
0x25c7e90   90	0 0 1	2.94 8.82 19.6	0 0 0
0x25ca490   90	0 0 1	4.9 2.94 19.6	0 0 0
0x25cb490   90	0 0 1	6.86 0.98 19.6	0 0 0
0x25cac10   90	0 0 1	4.9 6.86 19.6	0 0 0
0x25ca790   90	0 0 1	6.86 4.9 19.6	0 0 0
0x25ca110   90	0 0 1	4.9 10.78 19.6	0 0 0
0x25ca890   90	0 0 1	6.86 8.82 19.6	0 0 0
0x25ca310   90	0 0 1	8.82 2.94 19.6	0 0 0
0x25ca710   90	0 0 1	10.78 0.98 19.6	0 0 0
0x25cae90   90	0 0 1	8.82 6.86 19.6	0 0 0
0x25cb890   90	0 0 1	10.78 4.9 19.6	0 0 0
0x25cb310   90	0 0 1	8.82 10.78 19.6	0 0 0
0x25cba10   90	0 0 1	10.78 8.82 19.6	0 0 0
0x25d3940   90	0 0 1	0.98 0.98 21.56	0 0 0
0x25d2240   90	0 0 1	2.94 2.94 21.56	0 0 0
0x25d3040   90	0 0 1	0.98 4.9 21.56	0 0 0
0x25d2cc0   90	0 0 1	2.94 6.86 21.56	0 0 0
0x25d25c0   90	0 0 1	0.98 8.82 21.56	0 0 0
0x25d2640   90	0 0 1	2.94 10.78 21.56	0 0 0
0x25d1e40   90	0 0 1	4.9 0.98 21.56	0 0 0
0x25d22c0   90	0 0 1	6.86 2.94 21.56	0 0 0
0x25d3a40   90	0 0 1	4.9 4.9 21.56	0 0 0
0x25d23c0   90	0 0 1	6.86 6.86 21.56	0 0 0
0x25d32c0   90	0 0 1	4.9 8.82 21.56	0 0 0
0x25d3ac0   90	0 0 1	6.86 10.78 21.56	0 0 0
0x25d5540   90	0 0 1	8.82 0.98 21.56	0 0 0
0x25d4fc0   90	0 0 1	10.78 2.94 21.56	0 0 0
0x25d55c0   90	0 0 1	8.82 4.9 21.56	0 0 0
0x25d5140   90	0 0 1	10.78 6.86 21.56	0 0 0
0x25d5cc0   90	0 0 1	8.82 8.82 21.56	0 0 0
0x25d48c0   90	0 0 1	10.78 10.78 21.56	0 0 0
0x6b6870   90	0 1 1	0.98 12.74 13.72	0 0 0
0x6b68f0   90	0 1 1	2.94 14.7 13.72	0 0 0
0x6b6970   90	0 1 1	0.98 16.66 13.72	0 0 0
0x6b69f0   90	0 1 1	2.94 18.62 13.72	0 0 0
0x6b6a70   90	0 1 1	0.98 20.58 13.72	0 0 0
0x6b6af0   90	0 1 1	2.94 22.54 13.72	0 0 0
0x25b29e0   90	0 1 1	4.9 12.74 13.72	0 0 0
0x25b2ce0   90	0 1 1	6.86 14.7 13.72	0 0 0
0x25b2d60   90	0 1 1	4.9 16.66 13.72	0 0 0
0x25b3360   90	0 1 1	6.86 18.62 13.72	0 0 0
0x25b2de0   90	0 1 1	4.9 20.58 13.72	0 0 0
0x25b2a60   90	0 1 1	6.86 22.54 13.72	0 0 0
0x6b7740   90	0 1 1	8.82 12.74 13.72	0 0 0
0x6b6ec0   90	0 1 1	10.78 14.7 13.72	0 0 0
0x6b70c0   90	0 1 1	8.82 16.66 13.72	0 0 0
0x6b7c40   90	0 1 1	10.78 18.62 13.72	0 0 0
0x6b71c0   90	0 1 1	8.82 20.58 13.72	0 0 0
0x6b7140   90	0 1 1	10.78 22.54 13.72	0 0 0
0x25b6d00   90	0 1 1	0.98 14.7 15.68	0 0 0
0x25b7000   90	0 1 1	2.94 12.74 15.68	0 0 0
0x25b7080   90	0 1 1	0.98 18.62 15.68	0 0 0
0x25b7100   90	0 1 1	2.94 16.66 15.68	0 0 0
0x25b7180   90	0 1 1	0.98 22.54 15.68	0 0 0
0x25b5580   90	0 1 1	2.94 20.58 15.68	0 0 0
0x25b7a90   90	0 1 1	4.9 14.7 15.68	0 0 0
0x25b8a90   90	0 1 1	6.86 12.74 15.68	0 0 0
0x25b7c10   90	0 1 1	4.9 18.62 15.68	0 0 0
0x25b8e90   90	0 1 1	6.86 16.66 15.68	0 0 0
0x25b8c90   90	0 1 1	4.9 22.54 15.68	0 0 0
0x25b7690   90	0 1 1	6.86 20.58 15.68	0 0 0
0x25b7510   90	0 1 1	8.82 14.7 15.68	0 0 0
0x25b8010   90	0 1 1	10.78 12.74 15.68	0 0 0
0x25b8910   90	0 1 1	8.82 18.62 15.68	0 0 0
0x25b9090   90	0 1 1	10.78 16.66 15.68	0 0 0
0x25b8590   90	0 1 1	8.82 22.54 15.68	0 0 0
0x25b8390   90	0 1 1	10.78 20.58 15.68	0 0 0
0x25c1970   90	0 1 1	0.98 12.74 17.64	0 0 0
0x25c19f0   90	0 1 1	2.94 14.7 17.64	0 0 0
0x25c04f0   90	0 1 1	0.98 16.66 17.64	0 0 0
0x25c0b70   90	0 1 1	2.94 18.62 17.64	0 0 0
0x25bff70   90	0 1 1	0.98 20.58 17.64	0 0 0
0x25c0570   90	0 1 1	2.94 22.54 17.64	0 0 0
0x25c0df0   90	0 1 1	4.9 12.74 17.64	0 0 0
0x25c0af0   90	0 1 1	6.86 14.7 17.64	0 0 0
0x25c0ef0   90	0 1 1	4.9 16.66 17.64	0 0 0
0x25c11f0   90	0 1 1	6.86 18.62 17.64	0 0 0
0x25c16f0   90	0 1 1	4.9 20.58 17.64	0 0 0
0x25c1470   90	0 1 1	6.86 22.54 17.64	0 0 0
0x25c2470   90	0 1 1	8.82 12.74 17.64	0 0 0
0x25c3670   90	0 1 1	10.78 14.7 17.64	0 0 0
0x25c35f0   90	0 1 1	8.82 16.66 17.64	0 0 0
0x25c2ff0   90	0 1 1	10.78 18.62 17.64	0 0 0
0x25c3470   90	0 1 1	8.82 20.58 17.64	0 0 0
0x25c3af0   90	0 1 1	10.78 22.54 17.64	0 0 0
0x25cb290   90	0 1 1	0.98 14.7 19.6	0 0 0
0x25cb610   90	0 1 1	2.94 12.74 19.6	0 0 0
0x25caf90   90	0 1 1	0.98 18.62 19.6	0 0 0
0x25cb090   90	0 1 1	2.94 16.66 19.6	0 0 0
0x25cab90   90	0 1 1	0.98 22.54 19.6	0 0 0
0x25ca390   90	0 1 1	2.94 20.58 19.6	0 0 0
0x25ca690   90	0 1 1	4.9 14.7 19.6	0 0 0
0x25cb110   90	0 1 1	6.86 12.74 19.6	0 0 0
0x25ca190   90	0 1 1	4.9 18.62 19.6	0 0 0
0x25cac90   90	0 1 1	6.86 16.66 19.6	0 0 0
0x25c9f90   90	0 1 1	4.9 22.54 19.6	0 0 0
0x25cad90   90	0 1 1	6.86 20.58 19.6	0 0 0
0x25caa90   90	0 1 1	8.82 14.7 19.6	0 0 0
0x25cab10   90	0 1 1	10.78 12.74 19.6	0 0 0
0x25cb390   90	0 1 1	8.82 18.62 19.6	0 0 0
0x25cb590   90	0 1 1	10.78 16.66 19.6	0 0 0
0x25cbc10   90	0 1 1	8.82 22.54 19.6	0 0 0
0x25cb690   90	0 1 1	10.78 20.58 19.6	0 0 0
0x25d3d40   90	0 1 1	0.98 12.74 21.56	0 0 0
0x25d3140   90	0 1 1	2.94 14.7 21.56	0 0 0
0x25d3cc0   90	0 1 1	0.98 16.66 21.56	0 0 0
0x25d28c0   90	0 1 1	2.94 18.62 21.56	0 0 0
0x25d27c0   90	0 1 1	0.98 20.58 21.56	0 0 0
0x25d3bc0   90	0 1 1	2.94 22.54 21.56	0 0 0
0x25d2dc0   90	0 1 1	4.9 12.74 21.56	0 0 0
0x25d1ec0   90	0 1 1	6.86 14.7 21.56	0 0 0
0x25d2440   90	0 1 1	4.9 16.66 21.56	0 0 0
0x25d2ec0   90	0 1 1	6.86 18.62 21.56	0 0 0
0x25d30c0   90	0 1 1	4.9 20.58 21.56	0 0 0
0x25d34c0   90	0 1 1	6.86 22.54 21.56	0 0 0
0x25d4740   90	0 1 1	8.82 12.74 21.56	0 0 0
0x25d58c0   90	0 1 1	10.78 14.7 21.56	0 0 0
0x25d4940   90	0 1 1	8.82 16.66 21.56	0 0 0
0x25d5440   90	0 1 1	10.78 18.62 21.56	0 0 0
0x25d5040   90	0 1 1	8.82 20.58 21.56	0 0 0
0x25d53c0   90	0 1 1	10.78 22.54 21.56	0 0 0
0x6b6b70   90	0 2 1	0.98 24.5 13.72	0 0 0
0x6b6bf0   90	0 2 1	2.94 26.46 13.72	0 0 0
0x6b6c70   90	0 2 1	0.98 28.42 13.72	0 0 0
0x6b6cf0   90	0 2 1	2.94 30.38 13.72	0 0 0
0x6b6d70   90	0 2 1	0.98 32.34 13.72	0 0 0
0x25b28e0   90	0 2 1	2.94 34.3 13.72	0 0 0
0x25b2e60   90	0 2 1	4.9 24.5 13.72	0 0 0
0x25b33e0   90	0 2 1	6.86 26.46 13.72	0 0 0
0x25b2f60   90	0 2 1	4.9 28.42 13.72	0 0 0
0x25b2860   90	0 2 1	6.86 30.38 13.72	0 0 0
0x25b2fe0   90	0 2 1	4.9 32.34 13.72	0 0 0
0x25b2ae0   90	0 2 1	6.86 34.3 13.72	0 0 0
0x6b76c0   90	0 2 1	8.82 24.5 13.72	0 0 0
0x6b8c40   90	0 2 1	10.78 26.46 13.72	0 0 0
0x6b8cc0   90	0 2 1	8.82 28.42 13.72	0 0 0
0x6b8040   90	0 2 1	10.78 30.38 13.72	0 0 0
0x6b87c0   90	0 2 1	8.82 32.34 13.72	0 0 0
0x6b7e40   90	0 2 1	10.78 34.3 13.72	0 0 0
0x25b8a10   90	0 2 1	0.98 26.46 15.68	0 0 0
0x25b7790   90	0 2 1	2.94 24.5 15.68	0 0 0
0x25b7c90   90	0 2 1	0.98 30.38 15.68	0 0 0
0x25b7610   90	0 2 1	2.94 28.42 15.68	0 0 0
0x25b7810   90	0 2 1	0.98 34.3 15.68	0 0 0
0x25b7d90   90	0 2 1	2.94 32.34 15.68	0 0 0
0x25b8490   90	0 2 1	4.9 26.46 15.68	0 0 0
0x25b8210   90	0 2 1	6.86 24.5 15.68	0 0 0
0x25b9390   90	0 2 1	4.9 30.38 15.68	0 0 0
0x25b7990   90	0 2 1	6.86 28.42 15.68	0 0 0
0x25b8710   90	0 2 1	4.9 34.3 15.68	0 0 0
0x25b7e90   90	0 2 1	6.86 32.34 15.68	0 0 0
0x25b7890   90	0 2 1	8.82 26.46 15.68	0 0 0
0x25b9110   90	0 2 1	10.78 24.5 15.68	0 0 0
0x25b9190   90	0 2 1	8.82 30.38 15.68	0 0 0
0x25b8090   90	0 2 1	10.78 28.42 15.68	0 0 0
0x25b8290   90	0 2 1	8.82 34.3 15.68	0 0 0
0x25b8990   90	0 2 1	10.78 32.34 15.68	0 0 0
0x25c1af0   90	0 2 1	0.98 24.5 17.64	0 0 0
0x25c0370   90	0 2 1	2.94 26.46 17.64	0 0 0
0x25c1b70   90	0 2 1	0.98 28.42 17.64	0 0 0
0x25c1170   90	0 2 1	2.94 30.38 17.64	0 0 0
0x25c05f0   90	0 2 1	0.98 32.34 17.64	0 0 0
0x25c10f0   90	0 2 1	2.94 34.3 17.64	0 0 0
0x25c12f0   90	0 2 1	4.9 24.5 17.64	0 0 0
0x25c1370   90	0 2 1	6.86 26.46 17.64	0 0 0
0x25c15f0   90	0 2 1	4.9 28.42 17.64	0 0 0
0x25c1670   90	0 2 1	6.86 30.38 17.64	0 0 0
0x25c2bf0   90	0 2 1	4.9 32.34 17.64	0 0 0
0x25c3970   90	0 2 1	6.86 34.3 17.64	0 0 0
0x25c3b70   90	0 2 1	8.82 24.5 17.64	0 0 0
0x25c37f0   90	0 2 1	10.78 26.46 17.64	0 0 0
0x25c24f0   90	0 2 1	8.82 28.42 17.64	0 0 0
0x25c3bf0   90	0 2 1	10.78 30.38 17.64	0 0 0
0x25c2770   90	0 2 1	8.82 32.34 17.64	0 0 0
0x25c2570   90	0 2 1	10.78 34.3 17.64	0 0 0
0x25cad10   90	0 2 1	0.98 26.46 19.6	0 0 0
0x25ca410   90	0 2 1	2.94 24.5 19.6	0 0 0
0x25ca210   90	0 2 1	0.98 30.38 19.6	0 0 0
0x25ca610   90	0 2 1	2.94 28.42 19.6	0 0 0
0x25ca810   90	0 2 1	0.98 34.3 19.6	0 0 0
0x25cb410   90	0 2 1	2.94 32.34 19.6	0 0 0
0x25ca510   90	0 2 1	4.9 26.46 19.6	0 0 0
0x25ca090   90	0 2 1	6.86 24.5 19.6	0 0 0
0x25cb810   90	0 2 1	4.9 30.38 19.6	0 0 0
0x25ca590   90	0 2 1	6.86 28.42 19.6	0 0 0
0x25caa10   90	0 2 1	4.9 34.3 19.6	0 0 0
0x25cb510   90	0 2 1	6.86 32.34 19.6	0 0 0
0x25cb710   90	0 2 1	8.82 26.46 19.6	0 0 0
0x25cb790   90	0 2 1	10.78 24.5 19.6	0 0 0
0x25c9f10   90	0 2 1	8.82 30.38 19.6	0 0 0
0x25cb990   90	0 2 1	10.78 28.42 19.6	0 0 0
0x25cba90   90	0 2 1	8.82 34.3 19.6	0 0 0
0x25cbb10   90	0 2 1	10.78 32.34 19.6	0 0 0
0x25d29c0   90	0 2 1	0.98 24.5 21.56	0 0 0
0x25d35c0   90	0 2 1	2.94 26.46 21.56	0 0 0
0x25d31c0   90	0 2 1	0.98 28.42 21.56	0 0 0
0x25d3240   90	0 2 1	2.94 30.38 21.56	0 0 0
0x25d3440   90	0 2 1	0.98 32.34 21.56	0 0 0
0x25d2c40   90	0 2 1	2.94 34.3 21.56	0 0 0
0x25d4c40   90	0 2 1	4.9 24.5 21.56	0 0 0
0x25d46c0   90	0 2 1	6.86 26.46 21.56	0 0 0
0x25d4140   90	0 2 1	4.9 28.42 21.56	0 0 0
0x25d54c0   90	0 2 1	6.86 30.38 21.56	0 0 0
0x25d5ac0   90	0 2 1	4.9 32.34 21.56	0 0 0
0x25d4640   90	0 2 1	6.86 34.3 21.56	0 0 0
0x25d4340   90	0 2 1	8.82 24.5 21.56	0 0 0
0x25d5d40   90	0 2 1	10.78 26.46 21.56	0 0 0
0x25d47c0   90	0 2 1	8.82 28.42 21.56	0 0 0
0x25d4dc0   90	0 2 1	10.78 30.38 21.56	0 0 0
0x25d43c0   90	0 2 1	8.82 32.34 21.56	0 0 0
0x25d50c0   90	0 2 1	10.78 34.3 21.56	0 0 0
0x25b2960   90	0 3 1	0.98 36.26 13.72	0 0 0
0x25b32e0   90	0 3 1	2.94 38.22 13.72	0 0 0
0x25b26e0   90	0 3 1	0.98 40.18 13.72	0 0 0
0x25b3160   90	0 3 1	2.94 42.14 13.72	0 0 0
0x25b30e0   90	0 3 1	0.98 44.1 13.72	0 0 0
0x25b2ee0   90	0 3 1	2.94 46.06 13.72	0 0 0
0x25b2b60   90	0 3 1	4.9 36.26 13.72	0 0 0
0x25b3060   90	0 3 1	6.86 38.22 13.72	0 0 0
0x25b3260   90	0 3 1	4.9 40.18 13.72	0 0 0
0x25b24e0   90	0 3 1	6.86 42.14 13.72	0 0 0
0x25b2560   90	0 3 1	4.9 44.1 13.72	0 0 0
0x25b25e0   90	0 3 1	6.86 46.06 13.72	0 0 0
0x6b74c0   90	0 3 1	8.82 36.26 13.72	0 0 0
0x6b8bc0   90	0 3 1	10.78 38.22 13.72	0 0 0
0x6b8d40   90	0 3 1	8.82 40.18 13.72	0 0 0
0x6b8840   90	0 3 1	10.78 42.14 13.72	0 0 0
0x6b88c0   90	0 3 1	8.82 44.1 13.72	0 0 0
0x6b84c0   90	0 3 1	10.78 46.06 13.72	0 0 0
0x25b7d10   90	0 3 1	0.98 38.22 15.68	0 0 0
0x25b8d90   90	0 3 1	2.94 36.26 15.68	0 0 0
0x25b9290   90	0 3 1	0.98 42.14 15.68	0 0 0
0x25b8110   90	0 3 1	2.94 40.18 15.68	0 0 0
0x25b8690   90	0 3 1	0.98 46.06 15.68	0 0 0
0x25b7e10   90	0 3 1	2.94 44.1 15.68	0 0 0
0x25b7f10   90	0 3 1	4.9 38.22 15.68	0 0 0
0x25b8f10   90	0 3 1	6.86 36.26 15.68	0 0 0
0x25b8b10   90	0 3 1	4.9 42.14 15.68	0 0 0
0x25b8790   90	0 3 1	6.86 40.18 15.68	0 0 0
0x25b8190   90	0 3 1	4.9 46.06 15.68	0 0 0
0x25b9010   90	0 3 1	6.86 44.1 15.68	0 0 0
0x25b7710   90	0 3 1	8.82 38.22 15.68	0 0 0
0x25b8b90   90	0 3 1	10.78 36.26 15.68	0 0 0
0x25b8510   90	0 3 1	8.82 42.14 15.68	0 0 0
0x25b9310   90	0 3 1	10.78 40.18 15.68	0 0 0
0x25b8c10   90	0 3 1	8.82 46.06 15.68	0 0 0
0x25b7910   90	0 3 1	10.78 44.1 15.68	0 0 0
0x25c1570   90	0 3 1	0.98 36.26 17.64	0 0 0
0x25c06f0   90	0 3 1	2.94 38.22 17.64	0 0 0
0x25c00f0   90	0 3 1	0.98 40.18 17.64	0 0 0
0x25c1bf0   90	0 3 1	2.94 42.14 17.64	0 0 0
0x25bfe70   90	0 3 1	0.98 44.1 17.64	0 0 0
0x25c0770   90	0 3 1	2.94 46.06 17.64	0 0 0
0x25c25f0   90	0 3 1	4.9 36.26 17.64	0 0 0
0x25c2cf0   90	0 3 1	6.86 38.22 17.64	0 0 0
0x25c2370   90	0 3 1	4.9 40.18 17.64	0 0 0
0x25c2f70   90	0 3 1	6.86 42.14 17.64	0 0 0
0x25c3870   90	0 3 1	4.9 44.1 17.64	0 0 0
0x25c38f0   90	0 3 1	6.86 46.06 17.64	0 0 0
0x25c2070   90	0 3 1	8.82 36.26 17.64	0 0 0
0x25c1df0   90	0 3 1	10.78 38.22 17.64	0 0 0
0x25c2170   90	0 3 1	8.82 40.18 17.64	0 0 0
0x25c3c70   90	0 3 1	10.78 42.14 17.64	0 0 0
0x25c2270   90	0 3 1	8.82 44.1 17.64	0 0 0
0x25c2a70   90	0 3 1	10.78 46.06 17.64	0 0 0
0x25ca990   90	0 3 1	0.98 38.22 19.6	0 0 0
0x25ca290   90	0 3 1	2.94 36.26 19.6	0 0 0
0x25c9d90   90	0 3 1	0.98 42.14 19.6	0 0 0
0x25cb010   90	0 3 1	2.94 40.18 19.6	0 0 0
0x25cb910   90	0 3 1	0.98 46.06 19.6	0 0 0
0x25ca910   90	0 3 1	2.94 44.1 19.6	0 0 0
0x25cb190   90	0 3 1	4.9 38.22 19.6	0 0 0
0x25cb210   90	0 3 1	6.86 36.26 19.6	0 0 0
0x25cae10   90	0 3 1	4.9 42.14 19.6	0 0 0
0x25c9e10   90	0 3 1	6.86 40.18 19.6	0 0 0
0x25caf10   90	0 3 1	4.9 46.06 19.6	0 0 0
0x25c9e90   90	0 3 1	6.86 44.1 19.6	0 0 0
0x25ca010   90	0 3 1	8.82 38.22 19.6	0 0 0
0x25cbb90   90	0 3 1	10.78 36.26 19.6	0 0 0
0x25cbc90   90	0 3 1	8.82 42.14 19.6	0 0 0
0x25cd9a0   90	0 3 1	10.78 40.18 19.6	0 0 0
0x25cd920   90	0 3 1	8.82 46.06 19.6	0 0 0
0x25cc5a0   90	0 3 1	10.78 44.1 19.6	0 0 0
0x25d2940   90	0 3 1	0.98 36.26 21.56	0 0 0
0x25d39c0   90	0 3 1	2.94 38.22 21.56	0 0 0
0x25d2140   90	0 3 1	0.98 40.18 21.56	0 0 0
0x25d2a40   90	0 3 1	2.94 42.14 21.56	0 0 0
0x25d1dc0   90	0 3 1	0.98 44.1 21.56	0 0 0
0x25d2d40   90	0 3 1	2.94 46.06 21.56	0 0 0
0x25d4240   90	0 3 1	4.9 36.26 21.56	0 0 0
0x25d49c0   90	0 3 1	6.86 38.22 21.56	0 0 0
0x25d42c0   90	0 3 1	4.9 40.18 21.56	0 0 0
0x25d3dc0   90	0 3 1	6.86 42.14 21.56	0 0 0
0x25d4cc0   90	0 3 1	4.9 44.1 21.56	0 0 0
0x25d4840   90	0 3 1	6.86 46.06 21.56	0 0 0
0x25d3e40   90	0 3 1	8.82 36.26 21.56	0 0 0
0x25d4a40   90	0 3 1	10.78 38.22 21.56	0 0 0
0x25d45c0   90	0 3 1	8.82 40.18 21.56	0 0 0
0x25d5bc0   90	0 3 1	10.78 42.14 21.56	0 0 0
0x25d4ac0   90	0 3 1	8.82 44.1 21.56	0 0 0
0x25d4b40   90	0 3 1	10.78 46.06 21.56	0 0 0
0x6b6e40   90	1 0 1	12.74 0.98 13.72	0 0 0
0x6b77c0   90	1 0 1	14.7 2.94 13.72	0 0 0
0x6b7940   90	1 0 1	12.74 4.9 13.72	0 0 0
0x6b86c0   90	1 0 1	14.7 6.86 13.72	0 0 0
0x6b8940   90	1 0 1	12.74 8.82 13.72	0 0 0
0x6b7340   90	1 0 1	14.7 10.78 13.72	0 0 0
0x6b7ac0   90	1 0 1	16.66 0.98 13.72	0 0 0
0x6b85c0   90	1 0 1	18.62 2.94 13.72	0 0 0
0x6b8640   90	1 0 1	16.66 4.9 13.72	0 0 0
0x6b78c0   90	1 0 1	18.62 6.86 13.72	0 0 0
0x6b7f40   90	1 0 1	16.66 8.82 13.72	0 0 0
0x6b79c0   90	1 0 1	18.62 10.78 13.72	0 0 0
0x6ba5d0   90	1 0 1	20.58 0.98 13.72	0 0 0
0x6b8fd0   90	1 0 1	22.54 2.94 13.72	0 0 0
0x6b9650   90	1 0 1	20.58 4.9 13.72	0 0 0
0x6b9ad0   90	1 0 1	22.54 6.86 13.72	0 0 0
0x6b9050   90	1 0 1	20.58 8.82 13.72	0 0 0
0x6ba3d0   90	1 0 1	22.54 10.78 13.72	0 0 0
0x25b8610   90	1 0 1	12.74 2.94 15.68	0 0 0
0x25b7b10   90	1 0 1	14.7 0.98 15.68	0 0 0
0x25b8d10   90	1 0 1	12.74 6.86 15.68	0 0 0
0x25bb3b0   90	1 0 1	14.7 4.9 15.68	0 0 0
0x25bb830   90	1 0 1	12.74 10.78 15.68	0 0 0
0x25ba0b0   90	1 0 1	14.7 8.82 15.68	0 0 0
0x25ba630   90	1 0 1	16.66 2.94 15.68	0 0 0
0x25bb4b0   90	1 0 1	18.62 0.98 15.68	0 0 0
0x25ba430   90	1 0 1	16.66 6.86 15.68	0 0 0
0x25ba6b0   90	1 0 1	18.62 4.9 15.68	0 0 0
0x25bac30   90	1 0 1	16.66 10.78 15.68	0 0 0
0x25ba7b0   90	1 0 1	18.62 8.82 15.68	0 0 0
0x25b9db0   90	1 0 1	20.58 2.94 15.68	0 0 0
0x25bae30   90	1 0 1	22.54 0.98 15.68	0 0 0
0x25ba2b0   90	1 0 1	20.58 6.86 15.68	0 0 0
0x25bb630   90	1 0 1	22.54 4.9 15.68	0 0 0
0x25bab30   90	1 0 1	20.58 10.78 15.68	0 0 0
0x25baeb0   90	1 0 1	22.54 8.82 15.68	0 0 0
0x25c32f0   90	1 0 1	12.74 0.98 17.64	0 0 0
0x25c3270   90	1 0 1	14.7 2.94 17.64	0 0 0
0x25c3370   90	1 0 1	12.74 4.9 17.64	0 0 0
0x25c1d70   90	1 0 1	14.7 6.86 17.64	0 0 0
0x25c1e70   90	1 0 1	12.74 8.82 17.64	0 0 0
0x25c1ef0   90	1 0 1	14.7 10.78 17.64	0 0 0
0x25c2af0   90	1 0 1	16.66 0.98 17.64	0 0 0
0x25c2970   90	1 0 1	18.62 2.94 17.64	0 0 0
0x25c3070   90	1 0 1	16.66 4.9 17.64	0 0 0
0x25c29f0   90	1 0 1	18.62 6.86 17.64	0 0 0
0x25c30f0   90	1 0 1	16.66 8.82 17.64	0 0 0
0x25c3170   90	1 0 1	18.62 10.78 17.64	0 0 0
0x25c5500   90	1 0 1	20.58 0.98 17.64	0 0 0
0x25c5400   90	1 0 1	22.54 2.94 17.64	0 0 0
0x25c5980   90	1 0 1	20.58 4.9 17.64	0 0 0
0x25c4c00   90	1 0 1	22.54 6.86 17.64	0 0 0
0x25c5a00   90	1 0 1	20.58 8.82 17.64	0 0 0
0x25c3e80   90	1 0 1	22.54 10.78 17.64	0 0 0
0x25ccca0   90	1 0 1	12.74 2.94 19.6	0 0 0
0x25ccd20   90	1 0 1	14.7 0.98 19.6	0 0 0
0x25cd420   90	1 0 1	12.74 6.86 19.6	0 0 0
0x25cc120   90	1 0 1	14.7 4.9 19.6	0 0 0
0x25cc720   90	1 0 1	12.74 10.78 19.6	0 0 0
0x25cd7a0   90	1 0 1	14.7 8.82 19.6	0 0 0
0x25cc220   90	1 0 1	16.66 2.94 19.6	0 0 0
0x25cd820   90	1 0 1	18.62 0.98 19.6	0 0 0
0x25cc1a0   90	1 0 1	16.66 6.86 19.6	0 0 0
0x25cc7a0   90	1 0 1	18.62 4.9 19.6	0 0 0
0x25cd220   90	1 0 1	16.66 10.78 19.6	0 0 0
0x25cca20   90	1 0 1	18.62 8.82 19.6	0 0 0
0x25cdaa0   90	1 0 1	20.58 2.94 19.6	0 0 0
0x25cd320   90	1 0 1	22.54 0.98 19.6	0 0 0
0x25cd120   90	1 0 1	20.58 6.86 19.6	0 0 0
0x25cdb20   90	1 0 1	22.54 4.9 19.6	0 0 0
0x25cd0a0   90	1 0 1	20.58 10.78 19.6	0 0 0
0x25cdba0   90	1 0 1	22.54 8.82 19.6	0 0 0
0x25d5c40   90	1 0 1	12.74 0.98 21.56	0 0 0
0x25d4bc0   90	1 0 1	14.7 2.94 21.56	0 0 0
0x25d41c0   90	1 0 1	12.74 4.9 21.56	0 0 0
0x25d3ec0   90	1 0 1	14.7 6.86 21.56	0 0 0
0x25d5640   90	1 0 1	12.74 8.82 21.56	0 0 0
0x25d56c0   90	1 0 1	14.7 10.78 21.56	0 0 0
0x25d51c0   90	1 0 1	16.66 0.98 21.56	0 0 0
0x25d4540   90	1 0 1	18.62 2.94 21.56	0 0 0
0x25d52c0   90	1 0 1	16.66 4.9 21.56	0 0 0
0x25d5340   90	1 0 1	18.62 6.86 21.56	0 0 0
0x25d7140   90	1 0 1	16.66 8.82 21.56	0 0 0
0x25d6c40   90	1 0 1	18.62 10.78 21.56	0 0 0
0x25d6440   90	1 0 1	20.58 0.98 21.56	0 0 0
0x25d79c0   90	1 0 1	22.54 2.94 21.56	0 0 0
0x25d7b40   90	1 0 1	20.58 4.9 21.56	0 0 0
0x25d5dc0   90	1 0 1	22.54 6.86 21.56	0 0 0
0x25d6740   90	1 0 1	20.58 8.82 21.56	0 0 0
0x25d6e40   90	1 0 1	22.54 10.78 21.56	0 0 0
0x6b7bc0   90	1 1 1	12.74 12.74 13.72	0 0 0
0x6b6fc0   90	1 1 1	14.7 14.7 13.72	0 0 0
0x6b7ec0   90	1 1 1	12.74 16.66 13.72	0 0 0
0x6b8540   90	1 1 1	14.7 18.62 13.72	0 0 0
0x6b7040   90	1 1 1	12.74 20.58 13.72	0 0 0
0x6b8240   90	1 1 1	14.7 22.54 13.72	0 0 0
0x6b7a40   90	1 1 1	16.66 12.74 13.72	0 0 0
0x6b7d40   90	1 1 1	18.62 14.7 13.72	0 0 0
0x6b8740   90	1 1 1	16.66 16.66 13.72	0 0 0
0x6b7fc0   90	1 1 1	18.62 18.62 13.72	0 0 0
0x6b80c0   90	1 1 1	16.66 20.58 13.72	0 0 0
0x6b8140   90	1 1 1	18.62 22.54 13.72	0 0 0
0x6b9b50   90	1 1 1	20.58 12.74 13.72	0 0 0
0x6bad50   90	1 1 1	22.54 14.7 13.72	0 0 0
0x6b9dd0   90	1 1 1	20.58 16.66 13.72	0 0 0
0x6b8ed0   90	1 1 1	22.54 18.62 13.72	0 0 0
0x6b9150   90	1 1 1	20.58 20.58 13.72	0 0 0
0x6b9bd0   90	1 1 1	22.54 22.54 13.72	0 0 0
0x25bba30   90	1 1 1	12.74 14.7 15.68	0 0 0
0x25bb5b0   90	1 1 1	14.7 12.74 15.68	0 0 0
0x25ba130   90	1 1 1	12.74 18.62 15.68	0 0 0
0x25bb8b0   90	1 1 1	14.7 16.66 15.68	0 0 0
0x25b9eb0   90	1 1 1	12.74 22.54 15.68	0 0 0
0x25bb930   90	1 1 1	14.7 20.58 15.68	0 0 0
0x25ba8b0   90	1 1 1	16.66 14.7 15.68	0 0 0
0x25bbc30   90	1 1 1	18.62 12.74 15.68	0 0 0
0x25ba930   90	1 1 1	16.66 18.62 15.68	0 0 0
0x25bb9b0   90	1 1 1	18.62 16.66 15.68	0 0 0
0x25bb730   90	1 1 1	16.66 22.54 15.68	0 0 0
0x25bb2b0   90	1 1 1	18.62 20.58 15.68	0 0 0
0x25babb0   90	1 1 1	20.58 14.7 15.68	0 0 0
0x25b9e30   90	1 1 1	22.54 12.74 15.68	0 0 0
0x25b9fb0   90	1 1 1	20.58 18.62 15.68	0 0 0
0x25bb330   90	1 1 1	22.54 16.66 15.68	0 0 0
0x25bb230   90	1 1 1	20.58 22.54 15.68	0 0 0
0x25bb6b0   90	1 1 1	22.54 20.58 15.68	0 0 0
0x25c2c70   90	1 1 1	12.74 12.74 17.64	0 0 0
0x25c3570   90	1 1 1	14.7 14.7 17.64	0 0 0
0x25c2d70   90	1 1 1	12.74 16.66 17.64	0 0 0
0x25c1f70   90	1 1 1	14.7 18.62 17.64	0 0 0
0x25c1ff0   90	1 1 1	12.74 20.58 17.64	0 0 0
0x25c20f0   90	1 1 1	14.7 22.54 17.64	0 0 0
0x25c31f0   90	1 1 1	16.66 12.74 17.64	0 0 0
0x25c4800   90	1 1 1	18.62 14.7 17.64	0 0 0
0x25c5480   90	1 1 1	16.66 16.66 17.64	0 0 0
0x25c5700   90	1 1 1	18.62 18.62 17.64	0 0 0
0x25c4200   90	1 1 1	16.66 20.58 17.64	0 0 0
0x25c4f80   90	1 1 1	18.62 22.54 17.64	0 0 0
0x25c4680   90	1 1 1	20.58 12.74 17.64	0 0 0
0x25c5a80   90	1 1 1	22.54 14.7 17.64	0 0 0
0x25c5080   90	1 1 1	20.58 16.66 17.64	0 0 0
0x25c4c80   90	1 1 1	22.54 18.62 17.64	0 0 0
0x25c5100   90	1 1 1	20.58 20.58 17.64	0 0 0
0x25c5600   90	1 1 1	22.54 22.54 17.64	0 0 0
0x25cbea0   90	1 1 1	12.74 14.7 19.6	0 0 0
0x25ccda0   90	1 1 1	14.7 12.74 19.6	0 0 0
0x25cc0a0   90	1 1 1	12.74 18.62 19.6	0 0 0
0x25cd6a0   90	1 1 1	14.7 16.66 19.6	0 0 0
0x25cc3a0   90	1 1 1	12.74 22.54 19.6	0 0 0
0x25cda20   90	1 1 1	14.7 20.58 19.6	0 0 0
0x25cc520   90	1 1 1	16.66 14.7 19.6	0 0 0
0x25cc820   90	1 1 1	18.62 12.74 19.6	0 0 0
0x25cd5a0   90	1 1 1	16.66 18.62 19.6	0 0 0
0x25cc620   90	1 1 1	18.62 16.66 19.6	0 0 0
0x25cc920   90	1 1 1	16.66 22.54 19.6	0 0 0
0x25ccea0   90	1 1 1	18.62 20.58 19.6	0 0 0
0x25cdca0   90	1 1 1	20.58 14.7 19.6	0 0 0
0x25cdd20   90	1 1 1	22.54 12.74 19.6	0 0 0
0x25cbda0   90	1 1 1	20.58 18.62 19.6	0 0 0
0x25cbe20   90	1 1 1	22.54 16.66 19.6	0 0 0
0x25cbf20   90	1 1 1	20.58 22.54 19.6	0 0 0
0x25cbfa0   90	1 1 1	22.54 20.58 19.6	0 0 0
0x25d5740   90	1 1 1	12.74 12.74 21.56	0 0 0
0x25d3f40   90	1 1 1	14.7 14.7 21.56	0 0 0
0x25d57c0   90	1 1 1	12.74 16.66 21.56	0 0 0
0x25d4d40   90	1 1 1	14.7 18.62 21.56	0 0 0
0x25d5940   90	1 1 1	12.74 20.58 21.56	0 0 0
0x25d5b40   90	1 1 1	14.7 22.54 21.56	0 0 0
0x25d6cc0   90	1 1 1	16.66 12.74 21.56	0 0 0
0x25d6640   90	1 1 1	18.62 14.7 21.56	0 0 0
0x25d6fc0   90	1 1 1	16.66 16.66 21.56	0 0 0
0x25d6140   90	1 1 1	18.62 18.62 21.56	0 0 0
0x25d7cc0   90	1 1 1	16.66 20.58 21.56	0 0 0
0x25d5f40   90	1 1 1	18.62 22.54 21.56	0 0 0
0x25d67c0   90	1 1 1	20.58 12.74 21.56	0 0 0
0x25d7ac0   90	1 1 1	22.54 14.7 21.56	0 0 0
0x25d6ec0   90	1 1 1	20.58 16.66 21.56	0 0 0
0x25d71c0   90	1 1 1	22.54 18.62 21.56	0 0 0
0x25d6f40   90	1 1 1	20.58 20.58 21.56	0 0 0
0x25d6040   90	1 1 1	22.54 22.54 21.56	0 0 0
0x6b83c0   90	1 2 1	12.74 24.5 13.72	0 0 0
0x6b8ac0   90	1 2 1	14.7 26.46 13.72	0 0 0
0x6b7840   90	1 2 1	12.74 28.42 13.72	0 0 0
0x6b7cc0   90	1 2 1	14.7 30.38 13.72	0 0 0
0x6b89c0   90	1 2 1	12.74 32.34 13.72	0 0 0
0x6b7240   90	1 2 1	14.7 34.3 13.72	0 0 0
0x6b81c0   90	1 2 1	16.66 24.5 13.72	0 0 0
0x6b8340   90	1 2 1	18.62 26.46 13.72	0 0 0
0x6b8440   90	1 2 1	16.66 28.42 13.72	0 0 0
0x6ba6d0   90	1 2 1	18.62 30.38 13.72	0 0 0
0x6b96d0   90	1 2 1	16.66 32.34 13.72	0 0 0
0x6b90d0   90	1 2 1	18.62 34.3 13.72	0 0 0
0x6b9cd0   90	1 2 1	20.58 24.5 13.72	0 0 0
0x6bab50   90	1 2 1	22.54 26.46 13.72	0 0 0
0x6bac50   90	1 2 1	20.58 28.42 13.72	0 0 0
0x6ba450   90	1 2 1	22.54 30.38 13.72	0 0 0
0x6b95d0   90	1 2 1	20.58 32.34 13.72	0 0 0
0x6b9e50   90	1 2 1	22.54 34.3 13.72	0 0 0
0x25ba830   90	1 2 1	12.74 26.46 15.68	0 0 0
0x25ba3b0   90	1 2 1	14.7 24.5 15.68	0 0 0
0x25bb1b0   90	1 2 1	12.74 30.38 15.68	0 0 0
0x25ba530   90	1 2 1	14.7 28.42 15.68	0 0 0
0x25bb430   90	1 2 1	12.74 34.3 15.68	0 0 0
0x25bad30   90	1 2 1	14.7 32.34 15.68	0 0 0
0x25ba1b0   90	1 2 1	16.66 26.46 15.68	0 0 0
0x25b9d30   90	1 2 1	18.62 24.5 15.68	0 0 0
0x25bb7b0   90	1 2 1	16.66 30.38 15.68	0 0 0
0x25bacb0   90	1 2 1	18.62 28.42 15.68	0 0 0
0x25bbab0   90	1 2 1	16.66 34.3 15.68	0 0 0
0x25ba9b0   90	1 2 1	18.62 32.34 15.68	0 0 0
0x25baf30   90	1 2 1	20.58 26.46 15.68	0 0 0
0x25ba330   90	1 2 1	22.54 24.5 15.68	0 0 0
0x25bafb0   90	1 2 1	20.58 30.38 15.68	0 0 0
0x25bb030   90	1 2 1	22.54 28.42 15.68	0 0 0
0x25bb0b0   90	1 2 1	20.58 34.3 15.68	0 0 0
0x25bb130   90	1 2 1	22.54 32.34 15.68	0 0 0
0x25c34f0   90	1 2 1	12.74 24.5 17.64	0 0 0
0x25c22f0   90	1 2 1	14.7 26.46 17.64	0 0 0
0x25c33f0   90	1 2 1	12.74 28.42 17.64	0 0 0
0x25c2df0   90	1 2 1	14.7 30.38 17.64	0 0 0
0x25c2670   90	1 2 1	12.74 32.34 17.64	0 0 0
0x25c26f0   90	1 2 1	14.7 34.3 17.64	0 0 0
0x25c5580   90	1 2 1	16.66 24.5 17.64	0 0 0
0x25c4580   90	1 2 1	18.62 26.46 17.64	0 0 0
0x25c5d00   90	1 2 1	16.66 28.42 17.64	0 0 0
0x25c5000   90	1 2 1	18.62 30.38 17.64	0 0 0
0x25c4180   90	1 2 1	16.66 32.34 17.64	0 0 0
0x25c3d80   90	1 2 1	18.62 34.3 17.64	0 0 0
0x25c5180   90	1 2 1	20.58 24.5 17.64	0 0 0
0x25c3e00   90	1 2 1	22.54 26.46 17.64	0 0 0
0x25c4700   90	1 2 1	20.58 28.42 17.64	0 0 0
0x25c5880   90	1 2 1	22.54 30.38 17.64	0 0 0
0x25c4880   90	1 2 1	20.58 32.34 17.64	0 0 0
0x25c5900   90	1 2 1	22.54 34.3 17.64	0 0 0
0x25cce20   90	1 2 1	12.74 26.46 19.6	0 0 0
0x25cd720   90	1 2 1	14.7 24.5 19.6	0 0 0
0x25cdc20   90	1 2 1	12.74 30.38 19.6	0 0 0
0x25cc2a0   90	1 2 1	14.7 28.42 19.6	0 0 0
0x25cc6a0   90	1 2 1	12.74 34.3 19.6	0 0 0
0x25cc8a0   90	1 2 1	14.7 32.34 19.6	0 0 0
0x25cc9a0   90	1 2 1	16.66 26.46 19.6	0 0 0
0x25cd520   90	1 2 1	18.62 24.5 19.6	0 0 0
0x25ccf20   90	1 2 1	16.66 30.38 19.6	0 0 0
0x25cd620   90	1 2 1	18.62 28.42 19.6	0 0 0
0x25cc320   90	1 2 1	16.66 34.3 19.6	0 0 0
0x25ccaa0   90	1 2 1	18.62 32.34 19.6	0 0 0
0x25cc020   90	1 2 1	20.58 26.46 19.6	0 0 0
0x25ce720   90	1 2 1	22.54 24.5 19.6	0 0 0
0x25ce0a0   90	1 2 1	20.58 30.38 19.6	0 0 0
0x25ce7a0   90	1 2 1	22.54 28.42 19.6	0 0 0
0x25ceea0   90	1 2 1	20.58 34.3 19.6	0 0 0
0x25ce620   90	1 2 1	22.54 32.34 19.6	0 0 0
0x25d4e40   90	1 2 1	12.74 24.5 21.56	0 0 0
0x25d4440   90	1 2 1	14.7 26.46 21.56	0 0 0
0x25d4ec0   90	1 2 1	12.74 28.42 21.56	0 0 0
0x25d3fc0   90	1 2 1	14.7 30.38 21.56	0 0 0
0x25d5240   90	1 2 1	12.74 32.34 21.56	0 0 0
0x25d5840   90	1 2 1	14.7 34.3 21.56	0 0 0
0x25d7940   90	1 2 1	16.66 24.5 21.56	0 0 0
0x25d78c0   90	1 2 1	18.62 26.46 21.56	0 0 0
0x25d6540   90	1 2 1	16.66 28.42 21.56	0 0 0
0x25d6d40   90	1 2 1	18.62 30.38 21.56	0 0 0
0x25d61c0   90	1 2 1	16.66 32.34 21.56	0 0 0
0x25d60c0   90	1 2 1	18.62 34.3 21.56	0 0 0
0x25d7740   90	1 2 1	20.58 24.5 21.56	0 0 0
0x25d7240   90	1 2 1	22.54 26.46 21.56	0 0 0
0x25d6a40   90	1 2 1	20.58 28.42 21.56	0 0 0
0x25d64c0   90	1 2 1	22.54 30.38 21.56	0 0 0
0x25d72c0   90	1 2 1	20.58 32.34 21.56	0 0 0
0x25d7040   90	1 2 1	22.54 34.3 21.56	0 0 0
0x6b82c0   90	1 3 1	12.74 36.26 13.72	0 0 0
0x6b8a40   90	1 3 1	14.7 38.22 13.72	0 0 0
0x6b73c0   90	1 3 1	12.74 40.18 13.72	0 0 0
0x6b7540   90	1 3 1	14.7 42.14 13.72	0 0 0
0x6b75c0   90	1 3 1	12.74 44.1 13.72	0 0 0
0x6b7640   90	1 3 1	14.7 46.06 13.72	0 0 0
0x6ba550   90	1 3 1	16.66 36.26 13.72	0 0 0
0x6ba750   90	1 3 1	18.62 38.22 13.72	0 0 0
0x6b9c50   90	1 3 1	16.66 40.18 13.72	0 0 0
0x6b97d0   90	1 3 1	18.62 42.14 13.72	0 0 0
0x6b9a50   90	1 3 1	16.66 44.1 13.72	0 0 0
0x6b9d50   90	1 3 1	18.62 46.06 13.72	0 0 0
0x6ba650   90	1 3 1	20.58 36.26 13.72	0 0 0
0x6b91d0   90	1 3 1	22.54 38.22 13.72	0 0 0
0x6b9750   90	1 3 1	20.58 40.18 13.72	0 0 0
0x6b8e50   90	1 3 1	22.54 42.14 13.72	0 0 0
0x6b9ed0   90	1 3 1	20.58 44.1 13.72	0 0 0
0x6b9950   90	1 3 1	22.54 46.06 13.72	0 0 0
0x25b9f30   90	1 3 1	12.74 38.22 15.68	0 0 0
0x25bbbb0   90	1 3 1	14.7 36.26 15.68	0 0 0
0x25ba730   90	1 3 1	12.74 42.14 15.68	0 0 0
0x25ba5b0   90	1 3 1	14.7 40.18 15.68	0 0 0
0x25ba030   90	1 3 1	12.74 46.06 15.68	0 0 0
0x25ba4b0   90	1 3 1	14.7 44.1 15.68	0 0 0
0x25bbb30   90	1 3 1	16.66 38.22 15.68	0 0 0
0x25baa30   90	1 3 1	18.62 36.26 15.68	0 0 0
0x25badb0   90	1 3 1	16.66 42.14 15.68	0 0 0
0x25ba230   90	1 3 1	18.62 40.18 15.68	0 0 0
0x25bb530   90	1 3 1	16.66 46.06 15.68	0 0 0
0x25baab0   90	1 3 1	18.62 44.1 15.68	0 0 0
0x25bc540   90	1 3 1	20.58 38.22 15.68	0 0 0
0x25bd0c0   90	1 3 1	22.54 36.26 15.68	0 0 0
0x25bcbc0   90	1 3 1	20.58 42.14 15.68	0 0 0
0x25bc4c0   90	1 3 1	22.54 40.18 15.68	0 0 0
0x25bc5c0   90	1 3 1	20.58 46.06 15.68	0 0 0
0x25bd4c0   90	1 3 1	22.54 44.1 15.68	0 0 0
0x25c2b70   90	1 3 1	12.74 36.26 17.64	0 0 0
0x25c27f0   90	1 3 1	14.7 38.22 17.64	0 0 0
0x25c2e70   90	1 3 1	12.74 40.18 17.64	0 0 0
0x25c2870   90	1 3 1	14.7 42.14 17.64	0 0 0
0x25c28f0   90	1 3 1	12.74 44.1 17.64	0 0 0
0x25c2ef0   90	1 3 1	14.7 46.06 17.64	0 0 0
0x25c5680   90	1 3 1	16.66 36.26 17.64	0 0 0
0x25c4080   90	1 3 1	18.62 38.22 17.64	0 0 0
0x25c5c80   90	1 3 1	16.66 40.18 17.64	0 0 0
0x25c5780   90	1 3 1	18.62 42.14 17.64	0 0 0
0x25c5800   90	1 3 1	16.66 44.1 17.64	0 0 0
0x25c5c00   90	1 3 1	18.62 46.06 17.64	0 0 0
0x25c3f00   90	1 3 1	20.58 36.26 17.64	0 0 0
0x25c4280   90	1 3 1	22.54 38.22 17.64	0 0 0
0x25c4d80   90	1 3 1	20.58 40.18 17.64	0 0 0
0x25c5b00   90	1 3 1	22.54 42.14 17.64	0 0 0
0x25c4400   90	1 3 1	20.58 44.1 17.64	0 0 0
0x25c5b80   90	1 3 1	22.54 46.06 17.64	0 0 0
0x25cc4a0   90	1 3 1	12.74 38.22 19.6	0 0 0
0x25cd4a0   90	1 3 1	14.7 36.26 19.6	0 0 0
0x25ccc20   90	1 3 1	12.74 42.14 19.6	0 0 0
0x25cc420   90	1 3 1	14.7 40.18 19.6	0 0 0
0x25cd3a0   90	1 3 1	12.74 46.06 19.6	0 0 0
0x25cd1a0   90	1 3 1	14.7 44.1 19.6	0 0 0
0x25cd2a0   90	1 3 1	16.66 38.22 19.6	0 0 0
0x25cd8a0   90	1 3 1	18.62 36.26 19.6	0 0 0
0x25ccb20   90	1 3 1	16.66 42.14 19.6	0 0 0
0x25ccba0   90	1 3 1	18.62 40.18 19.6	0 0 0
0x25ccfa0   90	1 3 1	16.66 46.06 19.6	0 0 0
0x25cd020   90	1 3 1	18.62 44.1 19.6	0 0 0
0x25cf6a0   90	1 3 1	20.58 38.22 19.6	0 0 0
0x25ce1a0   90	1 3 1	22.54 36.26 19.6	0 0 0
0x25ce120   90	1 3 1	20.58 42.14 19.6	0 0 0
0x25ce5a0   90	1 3 1	22.54 40.18 19.6	0 0 0
0x25ce6a0   90	1 3 1	20.58 46.06 19.6	0 0 0
0x25cfba0   90	1 3 1	22.54 44.1 19.6	0 0 0
0x25d4040   90	1 3 1	12.74 36.26 21.56	0 0 0
0x25d40c0   90	1 3 1	14.7 38.22 21.56	0 0 0
0x25d5a40   90	1 3 1	12.74 40.18 21.56	0 0 0
0x25d4f40   90	1 3 1	14.7 42.14 21.56	0 0 0
0x25d44c0   90	1 3 1	12.74 44.1 21.56	0 0 0
0x25d59c0   90	1 3 1	14.7 46.06 21.56	0 0 0
0x25d5fc0   90	1 3 1	16.66 36.26 21.56	0 0 0
0x25d6dc0   90	1 3 1	18.62 38.22 21.56	0 0 0
0x25d73c0   90	1 3 1	16.66 40.18 21.56	0 0 0
0x25d65c0   90	1 3 1	18.62 42.14 21.56	0 0 0
0x25d66c0   90	1 3 1	16.66 44.1 21.56	0 0 0
0x25d7540   90	1 3 1	18.62 46.06 21.56	0 0 0
0x25d70c0   90	1 3 1	20.58 36.26 21.56	0 0 0
0x25d6240   90	1 3 1	22.54 38.22 21.56	0 0 0
0x25d7340   90	1 3 1	20.58 40.18 21.56	0 0 0
0x25d7bc0   90	1 3 1	22.54 42.14 21.56	0 0 0
0x25d77c0   90	1 3 1	20.58 44.1 21.56	0 0 0
0x25d6840   90	1 3 1	22.54 46.06 21.56	0 0 0
0x6b9f50   90	2 0 1	24.5 0.98 13.72	0 0 0
0x6b9fd0   90	2 0 1	26.46 2.94 13.72	0 0 0
0x6ba4d0   90	2 0 1	24.5 4.9 13.72	0 0 0
0x6ba050   90	2 0 1	26.46 6.86 13.72	0 0 0
0x6b93d0   90	2 0 1	24.5 8.82 13.72	0 0 0
0x6b9850   90	2 0 1	26.46 10.78 13.72	0 0 0
0x6b9550   90	2 0 1	28.42 0.98 13.72	0 0 0
0x6b98d0   90	2 0 1	30.38 2.94 13.72	0 0 0
0x6bacd0   90	2 0 1	28.42 4.9 13.72	0 0 0
0x6b99d0   90	2 0 1	30.38 6.86 13.72	0 0 0
0x6baad0   90	2 0 1	28.42 8.82 13.72	0 0 0
0x6babd0   90	2 0 1	30.38 10.78 13.72	0 0 0
0x25b5170   90	2 0 1	32.34 0.98 13.72	0 0 0
0x25b4170   90	2 0 1	34.3 2.94 13.72	0 0 0
0x25b3670   90	2 0 1	32.34 4.9 13.72	0 0 0
0x25b4a70   90	2 0 1	34.3 6.86 13.72	0 0 0
0x25b40f0   90	2 0 1	32.34 8.82 13.72	0 0 0
0x25b50f0   90	2 0 1	34.3 10.78 13.72	0 0 0
0x25bc3c0   90	2 0 1	24.5 2.94 15.68	0 0 0
0x25bc340   90	2 0 1	26.46 0.98 15.68	0 0 0
0x25bcf40   90	2 0 1	24.5 6.86 15.68	0 0 0
0x25bd9c0   90	2 0 1	26.46 4.9 15.68	0 0 0
0x25bc2c0   90	2 0 1	24.5 10.78 15.68	0 0 0
0x25bbec0   90	2 0 1	26.46 8.82 15.68	0 0 0
0x25bc840   90	2 0 1	28.42 2.94 15.68	0 0 0
0x25bbf40   90	2 0 1	30.38 0.98 15.68	0 0 0
0x25bc8c0   90	2 0 1	28.42 6.86 15.68	0 0 0
0x25bccc0   90	2 0 1	30.38 4.9 15.68	0 0 0
0x25bc9c0   90	2 0 1	28.42 10.78 15.68	0 0 0
0x25bdac0   90	2 0 1	30.38 8.82 15.68	0 0 0
0x25bbdc0   90	2 0 1	32.34 2.94 15.68	0 0 0
0x25bd740   90	2 0 1	34.3 0.98 15.68	0 0 0
0x25bbe40   90	2 0 1	32.34 6.86 15.68	0 0 0
0x25bdbc0   90	2 0 1	34.3 4.9 15.68	0 0 0
0x25bd7c0   90	2 0 1	32.34 10.78 15.68	0 0 0
0x25bd840   90	2 0 1	34.3 8.82 15.68	0 0 0
0x25c3f80   90	2 0 1	24.5 0.98 17.64	0 0 0
0x25c4000   90	2 0 1	26.46 2.94 17.64	0 0 0
0x25c4100   90	2 0 1	24.5 4.9 17.64	0 0 0
0x25c4300   90	2 0 1	26.46 6.86 17.64	0 0 0
0x25c5200   90	2 0 1	24.5 8.82 17.64	0 0 0
0x25c4380   90	2 0 1	26.46 10.78 17.64	0 0 0
0x25c7700   90	2 0 1	28.42 0.98 17.64	0 0 0
0x25c6380   90	2 0 1	30.38 2.94 17.64	0 0 0
0x25c6200   90	2 0 1	28.42 4.9 17.64	0 0 0
0x25c6d80   90	2 0 1	30.38 6.86 17.64	0 0 0
0x25c7480   90	2 0 1	28.42 8.82 17.64	0 0 0
0x25c6180   90	2 0 1	30.38 10.78 17.64	0 0 0
0x25c7380   90	2 0 1	32.34 0.98 17.64	0 0 0
0x25c5e00   90	2 0 1	34.3 2.94 17.64	0 0 0
0x25c6c80   90	2 0 1	32.34 4.9 17.64	0 0 0
0x25c7c00   90	2 0 1	34.3 6.86 17.64	0 0 0
0x25c7780   90	2 0 1	32.34 8.82 17.64	0 0 0
0x25c6e80   90	2 0 1	34.3 10.78 17.64	0 0 0
0x25ceba0   90	2 0 1	24.5 2.94 19.6	0 0 0
0x25ce3a0   90	2 0 1	26.46 0.98 19.6	0 0 0
0x25ced20   90	2 0 1	24.5 6.86 19.6	0 0 0
0x25ce420   90	2 0 1	26.46 4.9 19.6	0 0 0
0x25ce020   90	2 0 1	24.5 10.78 19.6	0 0 0
0x25ce220   90	2 0 1	26.46 8.82 19.6	0 0 0
0x25ce9a0   90	2 0 1	28.42 2.94 19.6	0 0 0
0x25ce8a0   90	2 0 1	30.38 0.98 19.6	0 0 0
0x25cfaa0   90	2 0 1	28.42 6.86 19.6	0 0 0
0x25ce920   90	2 0 1	30.38 4.9 19.6	0 0 0
0x25cf320   90	2 0 1	28.42 10.78 19.6	0 0 0
0x25cee20   90	2 0 1	30.38 8.82 19.6	0 0 0
0x25cf920   90	2 0 1	32.34 2.94 19.6	0 0 0
0x25cf9a0   90	2 0 1	34.3 0.98 19.6	0 0 0
0x25cfa20   90	2 0 1	32.34 6.86 19.6	0 0 0
0x25cfc20   90	2 0 1	34.3 4.9 19.6	0 0 0
0x25d0ec0   90	2 0 1	32.34 10.78 19.6	0 0 0
0x25d04c0   90	2 0 1	34.3 8.82 19.6	0 0 0
0x25d62c0   90	2 0 1	24.5 0.98 21.56	0 0 0
0x25d7440   90	2 0 1	26.46 2.94 21.56	0 0 0
0x25d6340   90	2 0 1	24.5 4.9 21.56	0 0 0
0x25d7a40   90	2 0 1	26.46 6.86 21.56	0 0 0
0x25d63c0   90	2 0 1	24.5 8.82 21.56	0 0 0
0x25d6940   90	2 0 1	26.46 10.78 21.56	0 0 0
0x25d87d0   90	2 0 1	28.42 0.98 21.56	0 0 0
0x25d8dd0   90	2 0 1	30.38 2.94 21.56	0 0 0
0x25d83d0   90	2 0 1	28.42 4.9 21.56	0 0 0
0x25d9cd0   90	2 0 1	30.38 6.86 21.56	0 0 0
0x25d9a50   90	2 0 1	28.42 8.82 21.56	0 0 0
0x25d8950   90	2 0 1	30.38 10.78 21.56	0 0 0
0x25d9650   90	2 0 1	32.34 0.98 21.56	0 0 0
0x25d81d0   90	2 0 1	34.3 2.94 21.56	0 0 0
0x25d7fd0   90	2 0 1	32.34 4.9 21.56	0 0 0
0x25d8850   90	2 0 1	34.3 6.86 21.56	0 0 0
0x25d88d0   90	2 0 1	32.34 8.82 21.56	0 0 0
0x25d8a50   90	2 0 1	34.3 10.78 21.56	0 0 0
0x6b9250   90	2 1 1	24.5 12.74 13.72	0 0 0
0x6ba0d0   90	2 1 1	26.46 14.7 13.72	0 0 0
0x6ba7d0   90	2 1 1	24.5 16.66 13.72	0 0 0
0x6ba350   90	2 1 1	26.46 18.62 13.72	0 0 0
0x6ba150   90	2 1 1	24.5 20.58 13.72	0 0 0
0x6ba8d0   90	2 1 1	26.46 22.54 13.72	0 0 0
0x25b3ff0   90	2 1 1	28.42 12.74 13.72	0 0 0
0x25b4670   90	2 1 1	30.38 14.7 13.72	0 0 0
0x25b3b70   90	2 1 1	28.42 16.66 13.72	0 0 0
0x25b3c70   90	2 1 1	30.38 18.62 13.72	0 0 0
0x25b4e70   90	2 1 1	28.42 20.58 13.72	0 0 0
0x25b42f0   90	2 1 1	30.38 22.54 13.72	0 0 0
0x25b36f0   90	2 1 1	32.34 12.74 13.72	0 0 0
0x25b3bf0   90	2 1 1	34.3 14.7 13.72	0 0 0
0x25b41f0   90	2 1 1	32.34 16.66 13.72	0 0 0
0x25b34f0   90	2 1 1	34.3 18.62 13.72	0 0 0
0x25b4cf0   90	2 1 1	32.34 20.58 13.72	0 0 0
0x25b5270   90	2 1 1	34.3 22.54 13.72	0 0 0
0x25bc1c0   90	2 1 1	24.5 14.7 15.68	0 0 0
0x25bcfc0   90	2 1 1	26.46 12.74 15.68	0 0 0
0x25bda40   90	2 1 1	24.5 18.62 15.68	0 0 0
0x25bc440   90	2 1 1	26.46 16.66 15.68	0 0 0
0x25bd640   90	2 1 1	24.5 22.54 15.68	0 0 0
0x25bc140   90	2 1 1	26.46 20.58 15.68	0 0 0
0x25bcd40   90	2 1 1	28.42 14.7 15.68	0 0 0
0x25bca40   90	2 1 1	30.38 12.74 15.68	0 0 0
0x25bdc40   90	2 1 1	28.42 18.62 15.68	0 0 0
0x25bd140   90	2 1 1	30.38 16.66 15.68	0 0 0
0x25bc0c0   90	2 1 1	28.42 22.54 15.68	0 0 0
0x25bd1c0   90	2 1 1	30.38 20.58 15.68	0 0 0
0x25bc240   90	2 1 1	32.34 14.7 15.68	0 0 0
0x25bd8c0   90	2 1 1	34.3 12.74 15.68	0 0 0
0x25bd940   90	2 1 1	32.34 18.62 15.68	0 0 0
0x25bf0d0   90	2 1 1	34.3 16.66 15.68	0 0 0
0x25bfbd0   90	2 1 1	32.34 22.54 15.68	0 0 0
0x25bf6d0   90	2 1 1	34.3 20.58 15.68	0 0 0
0x25c4480   90	2 1 1	24.5 12.74 17.64	0 0 0
0x25c4500   90	2 1 1	26.46 14.7 17.64	0 0 0
0x25c4600   90	2 1 1	24.5 16.66 17.64	0 0 0
0x25c4780   90	2 1 1	26.46 18.62 17.64	0 0 0
0x25c4900   90	2 1 1	24.5 20.58 17.64	0 0 0
0x25c4980   90	2 1 1	26.46 22.54 17.64	0 0 0
0x25c5f00   90	2 1 1	28.42 12.74 17.64	0 0 0
0x25c6700   90	2 1 1	30.38 14.7 17.64	0 0 0
0x25c6800   90	2 1 1	28.42 16.66 17.64	0 0 0
0x25c7400   90	2 1 1	30.38 18.62 17.64	0 0 0
0x25c6780   90	2 1 1	28.42 20.58 17.64	0 0 0
0x25c5f80   90	2 1 1	30.38 22.54 17.64	0 0 0
0x25c7800   90	2 1 1	32.34 12.74 17.64	0 0 0
0x25c6480   90	2 1 1	34.3 14.7 17.64	0 0 0
0x25c6f00   90	2 1 1	32.34 16.66 17.64	0 0 0
0x25c6400   90	2 1 1	34.3 18.62 17.64	0 0 0
0x25c6080   90	2 1 1	32.34 20.58 17.64	0 0 0
0x25c6500   90	2 1 1	34.3 22.54 17.64	0 0 0
0x25ce2a0   90	2 1 1	24.5 14.7 19.6	0 0 0
0x25cdf20   90	2 1 1	26.46 12.74 19.6	0 0 0
0x25ceca0   90	2 1 1	24.5 18.62 19.6	0 0 0
0x25ce520   90	2 1 1	26.46 16.66 19.6	0 0 0
0x25cf8a0   90	2 1 1	24.5 22.54 19.6	0 0 0
0x25cfb20   90	2 1 1	26.46 20.58 19.6	0 0 0
0x25ce4a0   90	2 1 1	28.42 14.7 19.6	0 0 0
0x25ceda0   90	2 1 1	30.38 12.74 19.6	0 0 0
0x25cea20   90	2 1 1	28.42 18.62 19.6	0 0 0
0x25ceaa0   90	2 1 1	30.38 16.66 19.6	0 0 0
0x25ceb20   90	2 1 1	28.42 22.54 19.6	0 0 0
0x25cec20   90	2 1 1	30.38 20.58 19.6	0 0 0
0x25d1640   90	2 1 1	32.34 14.7 19.6	0 0 0
0x25d1040   90	2 1 1	34.3 12.74 19.6	0 0 0
0x25d1740   90	2 1 1	32.34 18.62 19.6	0 0 0
0x25d0240   90	2 1 1	34.3 16.66 19.6	0 0 0
0x25d0740   90	2 1 1	32.34 22.54 19.6	0 0 0
0x25d0140   90	2 1 1	34.3 20.58 19.6	0 0 0
0x25d68c0   90	2 1 1	24.5 12.74 21.56	0 0 0
0x25d7840   90	2 1 1	26.46 14.7 21.56	0 0 0
0x25d76c0   90	2 1 1	24.5 16.66 21.56	0 0 0
0x25d74c0   90	2 1 1	26.46 18.62 21.56	0 0 0
0x25d75c0   90	2 1 1	24.5 20.58 21.56	0 0 0
0x25d7640   90	2 1 1	26.46 22.54 21.56	0 0 0
0x25d84d0   90	2 1 1	28.42 12.74 21.56	0 0 0
0x25d8450   90	2 1 1	30.38 14.7 21.56	0 0 0
0x25d89d0   90	2 1 1	28.42 16.66 21.56	0 0 0
0x25d9550   90	2 1 1	30.38 18.62 21.56	0 0 0
0x25d91d0   90	2 1 1	28.42 20.58 21.56	0 0 0
0x25d8d50   90	2 1 1	30.38 22.54 21.56	0 0 0
0x25d8f50   90	2 1 1	32.34 12.74 21.56	0 0 0
0x25d85d0   90	2 1 1	34.3 14.7 21.56	0 0 0
0x25d8050   90	2 1 1	32.34 16.66 21.56	0 0 0
0x25d93d0   90	2 1 1	34.3 18.62 21.56	0 0 0
0x25d9850   90	2 1 1	32.34 20.58 21.56	0 0 0
0x25d94d0   90	2 1 1	34.3 22.54 21.56	0 0 0
0x6ba1d0   90	2 2 1	24.5 24.5 13.72	0 0 0
0x6ba850   90	2 2 1	26.46 26.46 13.72	0 0 0
0x6b92d0   90	2 2 1	24.5 28.42 13.72	0 0 0
0x6ba250   90	2 2 1	26.46 30.38 13.72	0 0 0
0x6b9350   90	2 2 1	24.5 32.34 13.72	0 0 0
0x6b8f50   90	2 2 1	26.46 34.3 13.72	0 0 0
0x25b53f0   90	2 2 1	28.42 24.5 13.72	0 0 0
0x25b43f0   90	2 2 1	30.38 26.46 13.72	0 0 0
0x25b3570   90	2 2 1	28.42 28.42 13.72	0 0 0
0x25b4470   90	2 2 1	30.38 30.38 13.72	0 0 0
0x25b4570   90	2 2 1	28.42 32.34 13.72	0 0 0
0x25b5370   90	2 2 1	30.38 34.3 13.72	0 0 0
0x25b4270   90	2 2 1	32.34 24.5 13.72	0 0 0
0x25b35f0   90	2 2 1	34.3 26.46 13.72	0 0 0
0x25b3770   90	2 2 1	32.34 28.42 13.72	0 0 0
0x25b3cf0   90	2 2 1	34.3 30.38 13.72	0 0 0
0x25b39f0   90	2 2 1	32.34 32.34 13.72	0 0 0
0x25b3d70   90	2 2 1	34.3 34.3 13.72	0 0 0
0x25bcec0   90	2 2 1	24.5 26.46 15.68	0 0 0
0x25bd540   90	2 2 1	26.46 24.5 15.68	0 0 0
0x25bc640   90	2 2 1	24.5 30.38 15.68	0 0 0
0x25bc6c0   90	2 2 1	26.46 28.42 15.68	0 0 0
0x25bd5c0   90	2 2 1	24.5 34.3 15.68	0 0 0
0x25bc740   90	2 2 1	26.46 32.34 15.68	0 0 0
0x25bcb40   90	2 2 1	28.42 26.46 15.68	0 0 0
0x25bbd40   90	2 2 1	30.38 24.5 15.68	0 0 0
0x25bcdc0   90	2 2 1	28.42 30.38 15.68	0 0 0
0x25bdb40   90	2 2 1	30.38 28.42 15.68	0 0 0
0x25bce40   90	2 2 1	28.42 34.3 15.68	0 0 0
0x25bbfc0   90	2 2 1	30.38 32.34 15.68	0 0 0
0x25bfa50   90	2 2 1	32.34 26.46 15.68	0 0 0
0x25bed50   90	2 2 1	34.3 24.5 15.68	0 0 0
0x25bdf50   90	2 2 1	32.34 30.38 15.68	0 0 0
0x25be150   90	2 2 1	34.3 28.42 15.68	0 0 0
0x25bfc50   90	2 2 1	32.34 34.3 15.68	0 0 0
0x25bf950   90	2 2 1	34.3 32.34 15.68	0 0 0
0x25c4a00   90	2 2 1	24.5 24.5 17.64	0 0 0
0x25c4d00   90	2 2 1	26.46 26.46 17.64	0 0 0
0x25c4a80   90	2 2 1	24.5 28.42 17.64	0 0 0
0x25c4b00   90	2 2 1	26.46 30.38 17.64	0 0 0
0x25c4e00   90	2 2 1	24.5 32.34 17.64	0 0 0
0x25c4b80   90	2 2 1	26.46 34.3 17.64	0 0 0
0x25c7300   90	2 2 1	28.42 24.5 17.64	0 0 0
0x25c7000   90	2 2 1	30.38 26.46 17.64	0 0 0
0x25c7500   90	2 2 1	28.42 28.42 17.64	0 0 0
0x25c6280   90	2 2 1	30.38 30.38 17.64	0 0 0
0x25c6000   90	2 2 1	28.42 32.34 17.64	0 0 0
0x25c7c80   90	2 2 1	30.38 34.3 17.64	0 0 0
0x25c7980   90	2 2 1	32.34 24.5 17.64	0 0 0
0x25c6580   90	2 2 1	34.3 26.46 17.64	0 0 0
0x25c6600   90	2 2 1	32.34 28.42 17.64	0 0 0
0x25c6f80   90	2 2 1	34.3 30.38 17.64	0 0 0
0x25c6680   90	2 2 1	32.34 32.34 17.64	0 0 0
0x25c6c00   90	2 2 1	34.3 34.3 17.64	0 0 0
0x25cfca0   90	2 2 1	24.5 26.46 19.6	0 0 0
0x25cdda0   90	2 2 1	26.46 24.5 19.6	0 0 0
0x25cf020   90	2 2 1	24.5 30.38 19.6	0 0 0
0x25ce320   90	2 2 1	26.46 28.42 19.6	0 0 0
0x25cde20   90	2 2 1	24.5 34.3 19.6	0 0 0
0x25ce820   90	2 2 1	26.46 32.34 19.6	0 0 0
0x25cef20   90	2 2 1	28.42 26.46 19.6	0 0 0
0x25cefa0   90	2 2 1	30.38 24.5 19.6	0 0 0
0x25cf120   90	2 2 1	28.42 30.38 19.6	0 0 0
0x25cdfa0   90	2 2 1	30.38 28.42 19.6	0 0 0
0x25cf220   90	2 2 1	28.42 34.3 19.6	0 0 0
0x25cf2a0   90	2 2 1	30.38 32.34 19.6	0 0 0
0x25d07c0   90	2 2 1	32.34 26.46 19.6	0 0 0
0x25d0640   90	2 2 1	34.3 24.5 19.6	0 0 0
0x25d02c0   90	2 2 1	32.34 30.38 19.6	0 0 0
0x25d0940   90	2 2 1	34.3 28.42 19.6	0 0 0
0x25d0540   90	2 2 1	32.34 34.3 19.6	0 0 0
0x25d1440   90	2 2 1	34.3 32.34 19.6	0 0 0
0x25d6b40   90	2 2 1	24.5 24.5 21.56	0 0 0
0x25d5e40   90	2 2 1	26.46 26.46 21.56	0 0 0
0x25d7c40   90	2 2 1	24.5 28.42 21.56	0 0 0
0x25d5ec0   90	2 2 1	26.46 30.38 21.56	0 0 0
0x25d69c0   90	2 2 1	24.5 32.34 21.56	0 0 0
0x25d6ac0   90	2 2 1	26.46 34.3 21.56	0 0 0
0x25d7f50   90	2 2 1	28.42 24.5 21.56	0 0 0
0x25d9750   90	2 2 1	30.38 26.46 21.56	0 0 0
0x25d96d0   90	2 2 1	28.42 28.42 21.56	0 0 0
0x25d90d0   90	2 2 1	30.38 30.38 21.56	0 0 0
0x25d8550   90	2 2 1	28.42 32.34 21.56	0 0 0
0x25d82d0   90	2 2 1	30.38 34.3 21.56	0 0 0
0x25d8650   90	2 2 1	32.34 24.5 21.56	0 0 0
0x25d9950   90	2 2 1	34.3 26.46 21.56	0 0 0
0x25d8ad0   90	2 2 1	32.34 28.42 21.56	0 0 0
0x25d9ad0   90	2 2 1	34.3 30.38 21.56	0 0 0
0x25d9150   90	2 2 1	32.34 32.34 21.56	0 0 0
0x25d99d0   90	2 2 1	34.3 34.3 21.56	0 0 0
0x6ba2d0   90	2 3 1	24.5 36.26 13.72	0 0 0
0x6ba950   90	2 3 1	26.46 38.22 13.72	0 0 0
0x6ba9d0   90	2 3 1	24.5 40.18 13.72	0 0 0
0x6b9450   90	2 3 1	26.46 42.14 13.72	0 0 0
0x6baa50   90	2 3 1	24.5 44.1 13.72	0 0 0
0x6b94d0   90	2 3 1	26.46 46.06 13.72	0 0 0
0x25b4ef0   90	2 3 1	28.42 36.26 13.72	0 0 0
0x25b44f0   90	2 3 1	30.38 38.22 13.72	0 0 0
0x25b5070   90	2 3 1	28.42 40.18 13.72	0 0 0
0x25b4b70   90	2 3 1	30.38 42.14 13.72	0 0 0
0x25b4870   90	2 3 1	28.42 44.1 13.72	0 0 0
0x25b4bf0   90	2 3 1	30.38 46.06 13.72	0 0 0
0x25b45f0   90	2 3 1	32.34 36.26 13.72	0 0 0
0x25b4f70   90	2 3 1	34.3 38.22 13.72	0 0 0
0x25b3970   90	2 3 1	32.34 40.18 13.72	0 0 0
0x25b4070   90	2 3 1	34.3 42.14 13.72	0 0 0
0x25b46f0   90	2 3 1	32.34 44.1 13.72	0 0 0
0x25b4770   90	2 3 1	34.3 46.06 13.72	0 0 0
0x25bcc40   90	2 3 1	24.5 38.22 15.68	0 0 0
0x25bc7c0   90	2 3 1	26.46 36.26 15.68	0 0 0
0x25bc940   90	2 3 1	24.5 42.14 15.68	0 0 0
0x25bcac0   90	2 3 1	26.46 40.18 15.68	0 0 0
0x25bd040   90	2 3 1	24.5 46.06 15.68	0 0 0
0x25bc040   90	2 3 1	26.46 44.1 15.68	0 0 0
0x25bd2c0   90	2 3 1	28.42 38.22 15.68	0 0 0
0x25bd240   90	2 3 1	30.38 36.26 15.68	0 0 0
0x25bd340   90	2 3 1	28.42 42.14 15.68	0 0 0
0x25bd6c0   90	2 3 1	30.38 40.18 15.68	0 0 0
0x25bd3c0   90	2 3 1	28.42 46.06 15.68	0 0 0
0x25bd440   90	2 3 1	30.38 44.1 15.68	0 0 0
0x25be850   90	2 3 1	32.34 38.22 15.68	0 0 0
0x25be3d0   90	2 3 1	34.3 36.26 15.68	0 0 0
0x25bf1d0   90	2 3 1	32.34 42.14 15.68	0 0 0
0x25be1d0   90	2 3 1	34.3 40.18 15.68	0 0 0
0x25be950   90	2 3 1	32.34 46.06 15.68	0 0 0
0x25be250   90	2 3 1	34.3 44.1 15.68	0 0 0
0x25c4e80   90	2 3 1	24.5 36.26 17.64	0 0 0
0x25c4f00   90	2 3 1	26.46 38.22 17.64	0 0 0
0x25c5280   90	2 3 1	24.5 40.18 17.64	0 0 0
0x25c5300   90	2 3 1	26.46 42.14 17.64	0 0 0
0x25c5380   90	2 3 1	24.5 44.1 17.64	0 0 0
0x25c7080   90	2 3 1	26.46 46.06 17.64	0 0 0
0x25c6e00   90	2 3 1	28.42 36.26 17.64	0 0 0
0x25c5d80   90	2 3 1	30.38 38.22 17.64	0 0 0
0x25c7680   90	2 3 1	28.42 40.18 17.64	0 0 0
0x25c7b80   90	2 3 1	30.38 42.14 17.64	0 0 0
0x25c6b00   90	2 3 1	28.42 44.1 17.64	0 0 0
0x25c6300   90	2 3 1	30.38 46.06 17.64	0 0 0
0x25c7580   90	2 3 1	32.34 36.26 17.64	0 0 0
0x25c7600   90	2 3 1	34.3 38.22 17.64	0 0 0
0x25c5e80   90	2 3 1	32.34 40.18 17.64	0 0 0
0x25c6100   90	2 3 1	34.3 42.14 17.64	0 0 0
0x25c7100   90	2 3 1	32.34 44.1 17.64	0 0 0
0x25c7880   90	2 3 1	34.3 46.06 17.64	0 0 0
0x25cf3a0   90	2 3 1	24.5 38.22 19.6	0 0 0
0x25cf720   90	2 3 1	26.46 36.26 19.6	0 0 0
0x25cf0a0   90	2 3 1	24.5 42.14 19.6	0 0 0
0x25cf620   90	2 3 1	26.46 40.18 19.6	0 0 0
0x25cf1a0   90	2 3 1	24.5 46.06 19.6	0 0 0
0x25cdea0   90	2 3 1	26.46 44.1 19.6	0 0 0
0x25cf420   90	2 3 1	28.42 38.22 19.6	0 0 0
0x25cf4a0   90	2 3 1	30.38 36.26 19.6	0 0 0
0x25cf520   90	2 3 1	28.42 42.14 19.6	0 0 0
0x25cf7a0   90	2 3 1	30.38 40.18 19.6	0 0 0
0x25cf5a0   90	2 3 1	28.42 46.06 19.6	0 0 0
0x25cf820   90	2 3 1	30.38 44.1 19.6	0 0 0
0x25d0c40   90	2 3 1	32.34 38.22 19.6	0 0 0
0x25d0440   90	2 3 1	34.3 36.26 19.6	0 0 0
0x25d1940   90	2 3 1	32.34 42.14 19.6	0 0 0
0x25d19c0   90	2 3 1	34.3 40.18 19.6	0 0 0
0x25d17c0   90	2 3 1	32.34 46.06 19.6	0 0 0
0x25d05c0   90	2 3 1	34.3 44.1 19.6	0 0 0
0x25d6bc0   90	2 3 1	24.5 36.26 21.56	0 0 0
0x25d8b50   90	2 3 1	26.46 38.22 21.56	0 0 0
0x25d98d0   90	2 3 1	24.5 40.18 21.56	0 0 0
0x25d95d0   90	2 3 1	26.46 42.14 21.56	0 0 0
0x25d86d0   90	2 3 1	24.5 44.1 21.56	0 0 0
0x25d8750   90	2 3 1	26.46 46.06 21.56	0 0 0
0x25d8e50   90	2 3 1	28.42 36.26 21.56	0 0 0
0x25d9450   90	2 3 1	30.38 38.22 21.56	0 0 0
0x25d8ed0   90	2 3 1	28.42 40.18 21.56	0 0 0
0x25d7dd0   90	2 3 1	30.38 42.14 21.56	0 0 0
0x25d97d0   90	2 3 1	28.42 44.1 21.56	0 0 0
0x25d80d0   90	2 3 1	30.38 46.06 21.56	0 0 0
0x25d8bd0   90	2 3 1	32.34 36.26 21.56	0 0 0
0x25d8350   90	2 3 1	34.3 38.22 21.56	0 0 0
0x25d8fd0   90	2 3 1	32.34 40.18 21.56	0 0 0
0x25d8150   90	2 3 1	34.3 42.14 21.56	0 0 0
0x25d8c50   90	2 3 1	32.34 44.1 21.56	0 0 0
0x25d8cd0   90	2 3 1	34.3 46.06 21.56	0 0 0
0x25b37f0   90	3 0 1	36.26 0.98 13.72	0 0 0
0x25b47f0   90	3 0 1	38.22 2.94 13.72	0 0 0
0x25b4370   90	3 0 1	36.26 4.9 13.72	0 0 0
0x25b48f0   90	3 0 1	38.22 6.86 13.72	0 0 0
0x25b4970   90	3 0 1	36.26 8.82 13.72	0 0 0
0x25b49f0   90	3 0 1	38.22 10.78 13.72	0 0 0
0x25b5f80   90	3 0 1	40.18 0.98 13.72	0 0 0
0x25b6280   90	3 0 1	42.14 2.94 13.72	0 0 0
0x25b6200   90	3 0 1	40.18 4.9 13.72	0 0 0
0x25b5c00   90	3 0 1	42.14 6.86 13.72	0 0 0
0x25b6d80   90	3 0 1	40.18 8.82 13.72	0 0 0
0x25b6300   90	3 0 1	42.14 10.78 13.72	0 0 0
0x25b5600   90	3 0 1	44.1 0.98 13.72	0 0 0
0x25b5b00   90	3 0 1	46.06 2.94 13.72	0 0 0
0x25b6480   90	3 0 1	44.1 4.9 13.72	0 0 0
0x25b6500   90	3 0 1	46.06 6.86 13.72	0 0 0
0x25b5c80   90	3 0 1	44.1 8.82 13.72	0 0 0
0x25b5e80   90	3 0 1	46.06 10.78 13.72	0 0 0
0x25bdd50   90	3 0 1	36.26 2.94 15.68	0 0 0
0x25bfad0   90	3 0 1	38.22 0.98 15.68	0 0 0
0x25be350   90	3 0 1	36.26 6.86 15.68	0 0 0
0x25bdfd0   90	3 0 1	38.22 4.9 15.68	0 0 0
0x25bf2d0   90	3 0 1	36.26 10.78 15.68	0 0 0
0x25be8d0   90	3 0 1	38.22 8.82 15.68	0 0 0
0x25be5d0   90	3 0 1	40.18 2.94 15.68	0 0 0
0x25bf450   90	3 0 1	42.14 0.98 15.68	0 0 0
0x25bf4d0   90	3 0 1	40.18 6.86 15.68	0 0 0
0x25be650   90	3 0 1	42.14 4.9 15.68	0 0 0
0x25bf7d0   90	3 0 1	40.18 10.78 15.68	0 0 0
0x25bf550   90	3 0 1	42.14 8.82 15.68	0 0 0
0x25c1070   90	3 0 1	44.1 2.94 15.68	0 0 0
0x25c14f0   90	3 0 1	46.06 0.98 15.68	0 0 0
0x25c0170   90	3 0 1	44.1 6.86 15.68	0 0 0
0x25c1270   90	3 0 1	46.06 4.9 15.68	0 0 0
0x25c0bf0   90	3 0 1	44.1 10.78 15.68	0 0 0
0x25c03f0   90	3 0 1	46.06 8.82 15.68	0 0 0
0x25c6880   90	3 0 1	36.26 0.98 17.64	0 0 0
0x25c6900   90	3 0 1	38.22 2.94 17.64	0 0 0
0x25c6980   90	3 0 1	36.26 4.9 17.64	0 0 0
0x25c7180   90	3 0 1	38.22 6.86 17.64	0 0 0
0x25c6a00   90	3 0 1	36.26 8.82 17.64	0 0 0
0x25c6a80   90	3 0 1	38.22 10.78 17.64	0 0 0
0x25c7f90   90	3 0 1	40.18 0.98 17.64	0 0 0
0x25c8d10   90	3 0 1	42.14 2.94 17.64	0 0 0
0x25c9410   90	3 0 1	40.18 4.9 17.64	0 0 0
0x25c8310   90	3 0 1	42.14 6.86 17.64	0 0 0
0x25c9b10   90	3 0 1	40.18 8.82 17.64	0 0 0
0x25c8690   90	3 0 1	42.14 10.78 17.64	0 0 0
0x25c8490   90	3 0 1	44.1 0.98 17.64	0 0 0
0x25c8d90   90	3 0 1	46.06 2.94 17.64	0 0 0
0x25c9590   90	3 0 1	44.1 4.9 17.64	0 0 0
0x25c9910   90	3 0 1	46.06 6.86 17.64	0 0 0
0x25c8610   90	3 0 1	44.1 8.82 17.64	0 0 0
0x25c8510   90	3 0 1	46.06 10.78 17.64	0 0 0
0x25d06c0   90	3 0 1	36.26 2.94 19.6	0 0 0
0x25d16c0   90	3 0 1	38.22 0.98 19.6	0 0 0
0x25d03c0   90	3 0 1	36.26 6.86 19.6	0 0 0
0x25d1a40   90	3 0 1	38.22 4.9 19.6	0 0 0
0x25d0840   90	3 0 1	36.26 10.78 19.6	0 0 0
0x25d08c0   90	3 0 1	38.22 8.82 19.6	0 0 0
0x25d0340   90	3 0 1	40.18 2.94 19.6	0 0 0
0x25d0bc0   90	3 0 1	42.14 0.98 19.6	0 0 0
0x25d1b40   90	3 0 1	40.18 6.86 19.6	0 0 0
0x25d1c40   90	3 0 1	42.14 4.9 19.6	0 0 0
0x25d1cc0   90	3 0 1	40.18 10.78 19.6	0 0 0
0x25d0cc0   90	3 0 1	42.14 8.82 19.6	0 0 0
0x25d3340   90	3 0 1	44.1 2.94 19.6	0 0 0
0x25d37c0   90	3 0 1	46.06 0.98 19.6	0 0 0
0x25d24c0   90	3 0 1	44.1 6.86 19.6	0 0 0
0x25d3640   90	3 0 1	46.06 4.9 19.6	0 0 0
0x25d3840   90	3 0 1	44.1 10.78 19.6	0 0 0
0x25d2fc0   90	3 0 1	46.06 8.82 19.6	0 0 0
0x25d9050   90	3 0 1	36.26 0.98 21.56	0 0 0
0x25d8250   90	3 0 1	38.22 2.94 21.56	0 0 0
0x25d9b50   90	3 0 1	36.26 4.9 21.56	0 0 0
0x25d9bd0   90	3 0 1	38.22 6.86 21.56	0 0 0
0x25d9250   90	3 0 1	36.26 8.82 21.56	0 0 0
0x25d92d0   90	3 0 1	38.22 10.78 21.56	0 0 0
0x25dbad0   90	3 0 1	40.18 0.98 21.56	0 0 0
0x25dad50   90	3 0 1	42.14 2.94 21.56	0 0 0
0x25db550   90	3 0 1	40.18 4.9 21.56	0 0 0
0x25db950   90	3 0 1	42.14 6.86 21.56	0 0 0
0x25da5d0   90	3 0 1	40.18 8.82 21.56	0 0 0
0x25db1d0   90	3 0 1	42.14 10.78 21.56	0 0 0
0x25dbb50   90	3 0 1	44.1 0.98 21.56	0 0 0
0x25db050   90	3 0 1	46.06 2.94 21.56	0 0 0
0x25da0d0   90	3 0 1	44.1 4.9 21.56	0 0 0
0x25dabd0   90	3 0 1	46.06 6.86 21.56	0 0 0
0x25dbd50   90	3 0 1	44.1 8.82 21.56	0 0 0
0x25daf50   90	3 0 1	46.06 10.78 21.56	0 0 0
0x25b4ff0   90	3 1 1	36.26 12.74 13.72	0 0 0
0x25b4af0   90	3 1 1	38.22 14.7 13.72	0 0 0
0x25b4c70   90	3 1 1	36.26 16.66 13.72	0 0 0
0x25b3df0   90	3 1 1	38.22 18.62 13.72	0 0 0
0x25b4d70   90	3 1 1	36.26 20.58 13.72	0 0 0
0x25b4df0   90	3 1 1	38.22 22.54 13.72	0 0 0
0x25b5800   90	3 1 1	40.18 12.74 13.72	0 0 0
0x25b6e00   90	3 1 1	42.14 14.7 13.72	0 0 0
0x25b6e80   90	3 1 1	40.18 16.66 13.72	0 0 0
0x25b7380   90	3 1 1	42.14 18.62 13.72	0 0 0
0x25b5880   90	3 1 1	40.18 20.58 13.72	0 0 0
0x25b7200   90	3 1 1	42.14 22.54 13.72	0 0 0
0x25b5780   90	3 1 1	44.1 12.74 13.72	0 0 0
0x25b5f00   90	3 1 1	46.06 14.7 13.72	0 0 0
0x25b5700   90	3 1 1	44.1 16.66 13.72	0 0 0
0x25b5900   90	3 1 1	46.06 18.62 13.72	0 0 0
0x25b6000   90	3 1 1	44.1 20.58 13.72	0 0 0
0x25b5980   90	3 1 1	46.06 22.54 13.72	0 0 0
0x25be450   90	3 1 1	36.26 14.7 15.68	0 0 0
0x25bf250   90	3 1 1	38.22 12.74 15.68	0 0 0
0x25bebd0   90	3 1 1	36.26 18.62 15.68	0 0 0
0x25bf350   90	3 1 1	38.22 16.66 15.68	0 0 0
0x25bf9d0   90	3 1 1	36.26 22.54 15.68	0 0 0
0x25bec50   90	3 1 1	38.22 20.58 15.68	0 0 0
0x25bddd0   90	3 1 1	40.18 14.7 15.68	0 0 0
0x25be6d0   90	3 1 1	42.14 12.74 15.68	0 0 0
0x25bf5d0   90	3 1 1	40.18 18.62 15.68	0 0 0
0x25be9d0   90	3 1 1	42.14 16.66 15.68	0 0 0
0x25bde50   90	3 1 1	40.18 22.54 15.68	0 0 0
0x25bef50   90	3 1 1	42.14 20.58 15.68	0 0 0
0x25c0d70   90	3 1 1	44.1 14.7 15.68	0 0 0
0x25c1770   90	3 1 1	46.06 12.74 15.68	0 0 0
0x25c0cf0   90	3 1 1	44.1 18.62 15.68	0 0 0
0x25c1cf0   90	3 1 1	46.06 16.66 15.68	0 0 0
0x25c0e70   90	3 1 1	44.1 22.54 15.68	0 0 0
0x25bfd70   90	3 1 1	46.06 20.58 15.68	0 0 0
0x25c7200   90	3 1 1	36.26 12.74 17.64	0 0 0
0x25c6b80   90	3 1 1	38.22 14.7 17.64	0 0 0
0x25c7900   90	3 1 1	36.26 16.66 17.64	0 0 0
0x25c6d00   90	3 1 1	38.22 18.62 17.64	0 0 0
0x25c7a00   90	3 1 1	36.26 20.58 17.64	0 0 0
0x25c7280   90	3 1 1	38.22 22.54 17.64	0 0 0
0x25c9890   90	3 1 1	40.18 12.74 17.64	0 0 0
0x25c8810   90	3 1 1	42.14 14.7 17.64	0 0 0
0x25c8590   90	3 1 1	40.18 16.66 17.64	0 0 0
0x25c7d90   90	3 1 1	42.14 18.62 17.64	0 0 0
0x25c8c10   90	3 1 1	40.18 20.58 17.64	0 0 0
0x25c8890   90	3 1 1	42.14 22.54 17.64	0 0 0
0x25c9090   90	3 1 1	44.1 12.74 17.64	0 0 0
0x25c8990   90	3 1 1	46.06 14.7 17.64	0 0 0
0x25c9d10   90	3 1 1	44.1 16.66 17.64	0 0 0
0x25c9510   90	3 1 1	46.06 18.62 17.64	0 0 0
0x25c8f10   90	3 1 1	44.1 20.58 17.64	0 0 0
0x25c8a10   90	3 1 1	46.06 22.54 17.64	0 0 0
0x25d1bc0   90	3 1 1	36.26 14.7 19.6	0 0 0
0x25d0ac0   90	3 1 1	38.22 12.74 19.6	0 0 0
0x25d1840   90	3 1 1	36.26 18.62 19.6	0 0 0
0x25d01c0   90	3 1 1	38.22 16.66 19.6	0 0 0
0x25d00c0   90	3 1 1	36.26 22.54 19.6	0 0 0
0x25cff40   90	3 1 1	38.22 20.58 19.6	0 0 0
0x25cfe40   90	3 1 1	40.18 14.7 19.6	0 0 0
0x25d10c0   90	3 1 1	42.14 12.74 19.6	0 0 0
0x25d0dc0   90	3 1 1	40.18 18.62 19.6	0 0 0
0x25d13c0   90	3 1 1	42.14 16.66 19.6	0 0 0
0x25cfec0   90	3 1 1	40.18 22.54 19.6	0 0 0
0x25d0040   90	3 1 1	42.14 20.58 19.6	0 0 0
0x25d3c40   90	3 1 1	44.1 14.7 19.6	0 0 0
0x25d3b40   90	3 1 1	46.06 12.74 19.6	0 0 0
0x25d2e40   90	3 1 1	44.1 18.62 19.6	0 0 0
0x25d2040   90	3 1 1	46.06 16.66 19.6	0 0 0
0x25d2540   90	3 1 1	44.1 22.54 19.6	0 0 0
0x25d36c0   90	3 1 1	46.06 20.58 19.6	0 0 0
0x25d9350   90	3 1 1	36.26 12.74 21.56	0 0 0
0x25d9c50   90	3 1 1	38.22 14.7 21.56	0 0 0
0x25d9d50   90	3 1 1	36.26 16.66 21.56	0 0 0
0x25d7e50   90	3 1 1	38.22 18.62 21.56	0 0 0
0x25d7ed0   90	3 1 1	36.26 20.58 21.56	0 0 0
0x25da750   90	3 1 1	38.22 22.54 21.56	0 0 0
0x25dadd0   90	3 1 1	40.18 12.74 21.56	0 0 0
0x25da8d0   90	3 1 1	42.14 14.7 21.56	0 0 0
0x25d9f50   90	3 1 1	40.18 16.66 21.56	0 0 0
0x25db5d0   90	3 1 1	42.14 18.62 21.56	0 0 0
0x25db9d0   90	3 1 1	40.18 20.58 21.56	0 0 0
0x25dae50   90	3 1 1	42.14 22.54 21.56	0 0 0
0x25d9dd0   90	3 1 1	44.1 12.74 21.56	0 0 0
0x25db8d0   90	3 1 1	46.06 14.7 21.56	0 0 0
0x25da450   90	3 1 1	44.1 16.66 21.56	0 0 0
0x25db350   90	3 1 1	46.06 18.62 21.56	0 0 0
0x25dbcd0   90	3 1 1	44.1 20.58 21.56	0 0 0
0x25dafd0   90	3 1 1	46.06 22.54 21.56	0 0 0
0x25b51f0   90	3 2 1	36.26 24.5 13.72	0 0 0
0x25b3870   90	3 2 1	38.22 26.46 13.72	0 0 0
0x25b3e70   90	3 2 1	36.26 28.42 13.72	0 0 0
0x25b52f0   90	3 2 1	38.22 30.38 13.72	0 0 0
0x25b38f0   90	3 2 1	36.26 32.34 13.72	0 0 0
0x25b3f70   90	3 2 1	38.22 34.3 13.72	0 0 0
0x25b6400   90	3 2 1	40.18 24.5 13.72	0 0 0
0x25b7400   90	3 2 1	42.14 26.46 13.72	0 0 0
0x25b6c80   90	3 2 1	40.18 28.42 13.72	0 0 0
0x25b5680   90	3 2 1	42.14 30.38 13.72	0 0 0
0x25b5d00   90	3 2 1	40.18 32.34 13.72	0 0 0
0x25b6180   90	3 2 1	42.14 34.3 13.72	0 0 0
0x25b6580   90	3 2 1	44.1 24.5 13.72	0 0 0
0x25b5a00   90	3 2 1	46.06 26.46 13.72	0 0 0
0x25b6a80   90	3 2 1	44.1 28.42 13.72	0 0 0
0x25b6600   90	3 2 1	46.06 30.38 13.72	0 0 0
0x25b6680   90	3 2 1	44.1 32.34 13.72	0 0 0
0x25b7300   90	3 2 1	46.06 34.3 13.72	0 0 0
0x25bfb50   90	3 2 1	36.26 26.46 15.68	0 0 0
0x25bf150   90	3 2 1	38.22 24.5 15.68	0 0 0
0x25be2d0   90	3 2 1	36.26 30.38 15.68	0 0 0
0x25bf750   90	3 2 1	38.22 28.42 15.68	0 0 0
0x25bf3d0   90	3 2 1	36.26 34.3 15.68	0 0 0
0x25be4d0   90	3 2 1	38.22 32.34 15.68	0 0 0
0x25bded0   90	3 2 1	40.18 26.46 15.68	0 0 0
0x25be750   90	3 2 1	42.14 24.5 15.68	0 0 0
0x25bedd0   90	3 2 1	40.18 30.38 15.68	0 0 0
0x25bea50   90	3 2 1	42.14 28.42 15.68	0 0 0
0x25bead0   90	3 2 1	40.18 34.3 15.68	0 0 0
0x25becd0   90	3 2 1	42.14 32.34 15.68	0 0 0
0x25c0270   90	3 2 1	44.1 26.46 15.68	0 0 0
0x25c0670   90	3 2 1	46.06 24.5 15.68	0 0 0
0x25c0870   90	3 2 1	44.1 30.38 15.68	0 0 0
0x25c02f0   90	3 2 1	46.06 28.42 15.68	0 0 0
0x25c0070   90	3 2 1	44.1 34.3 15.68	0 0 0
0x25c1c70   90	3 2 1	46.06 32.34 15.68	0 0 0
0x25c7a80   90	3 2 1	36.26 24.5 17.64	0 0 0
0x25c7b00   90	3 2 1	38.22 26.46 17.64	0 0 0
0x25c8210   90	3 2 1	36.26 28.42 17.64	0 0 0
0x25c8190   90	3 2 1	38.22 30.38 17.64	0 0 0
0x25c8090   90	3 2 1	36.26 32.34 17.64	0 0 0
0x25c7f10   90	3 2 1	38.22 34.3 17.64	0 0 0
0x25c9c10   90	3 2 1	40.18 24.5 17.64	0 0 0
0x25c9b90   90	3 2 1	42.14 26.46 17.64	0 0 0
0x25c8e10   90	3 2 1	40.18 28.42 17.64	0 0 0
0x25c8010   90	3 2 1	42.14 30.38 17.64	0 0 0
0x25c8390   90	3 2 1	40.18 32.34 17.64	0 0 0
0x25c8790   90	3 2 1	42.14 34.3 17.64	0 0 0
0x25c9710   90	3 2 1	44.1 24.5 17.64	0 0 0
0x25c9290   90	3 2 1	46.06 26.46 17.64	0 0 0
0x25c9990   90	3 2 1	44.1 28.42 17.64	0 0 0
0x25c8f90   90	3 2 1	46.06 30.38 17.64	0 0 0
0x25c9a10   90	3 2 1	44.1 32.34 17.64	0 0 0
0x25c8a90   90	3 2 1	46.06 34.3 17.64	0 0 0
0x25d18c0   90	3 2 1	36.26 26.46 19.6	0 0 0
0x25d14c0   90	3 2 1	38.22 24.5 19.6	0 0 0
0x25d09c0   90	3 2 1	36.26 30.38 19.6	0 0 0
0x25cffc0   90	3 2 1	38.22 28.42 19.6	0 0 0
0x25d0d40   90	3 2 1	36.26 34.3 19.6	0 0 0
0x25d1d40   90	3 2 1	38.22 32.34 19.6	0 0 0
0x25d0e40   90	3 2 1	40.18 26.46 19.6	0 0 0
0x25d0fc0   90	3 2 1	42.14 24.5 19.6	0 0 0
0x25d1140   90	3 2 1	40.18 30.38 19.6	0 0 0
0x25d11c0   90	3 2 1	42.14 28.42 19.6	0 0 0
0x25d1240   90	3 2 1	40.18 34.3 19.6	0 0 0
0x25d12c0   90	3 2 1	42.14 32.34 19.6	0 0 0
0x25d2bc0   90	3 2 1	44.1 26.46 19.6	0 0 0
0x25d3540   90	3 2 1	46.06 24.5 19.6	0 0 0
0x25d1f40   90	3 2 1	44.1 30.38 19.6	0 0 0
0x25d2840   90	3 2 1	46.06 28.42 19.6	0 0 0
0x25d20c0   90	3 2 1	44.1 34.3 19.6	0 0 0
0x25d33c0   90	3 2 1	46.06 32.34 19.6	0 0 0
0x25da150   90	3 2 1	36.26 24.5 21.56	0 0 0
0x25da7d0   90	3 2 1	38.22 26.46 21.56	0 0 0
0x25da950   90	3 2 1	36.26 28.42 21.56	0 0 0
0x25dac50   90	3 2 1	38.22 30.38 21.56	0 0 0
0x25da850   90	3 2 1	36.26 32.34 21.56	0 0 0
0x25da9d0   90	3 2 1	38.22 34.3 21.56	0 0 0
0x25db450   90	3 2 1	40.18 24.5 21.56	0 0 0
0x25db7d0   90	3 2 1	42.14 26.46 21.56	0 0 0
0x25db650   90	3 2 1	40.18 28.42 21.56	0 0 0
0x25daa50   90	3 2 1	42.14 30.38 21.56	0 0 0
0x25db250   90	3 2 1	40.18 32.34 21.56	0 0 0
0x25daad0   90	3 2 1	42.14 34.3 21.56	0 0 0
0x25db0d0   90	3 2 1	44.1 24.5 21.56	0 0 0
0x25da050   90	3 2 1	46.06 26.46 21.56	0 0 0
0x25dba50   90	3 2 1	44.1 28.42 21.56	0 0 0
0x25dbbd0   90	3 2 1	46.06 30.38 21.56	0 0 0
0x25da6d0   90	3 2 1	44.1 32.34 21.56	0 0 0
0x25dbc50   90	3 2 1	46.06 34.3 21.56	0 0 0
0x25b3a70   90	3 3 1	36.26 36.26 13.72	0 0 0
0x25b3af0   90	3 3 1	38.22 38.22 13.72	0 0 0
0x25b3ef0   90	3 3 1	36.26 40.18 13.72	0 0 0
0x25b6f80   90	3 3 1	38.22 42.14 13.72	0 0 0
0x25b6100   90	3 3 1	36.26 44.1 13.72	0 0 0
0x25b6380   90	3 3 1	38.22 46.06 13.72	0 0 0
0x25b7280   90	3 3 1	40.18 36.26 13.72	0 0 0
0x25b5d80   90	3 3 1	42.14 38.22 13.72	0 0 0
0x25b6880   90	3 3 1	40.18 40.18 13.72	0 0 0
0x25b5e00   90	3 3 1	42.14 42.14 13.72	0 0 0
0x25b5a80   90	3 3 1	40.18 44.1 13.72	0 0 0
0x25b6c00   90	3 3 1	42.14 46.06 13.72	0 0 0
0x25b6080   90	3 3 1	44.1 36.26 13.72	0 0 0
0x25b6900   90	3 3 1	46.06 38.22 13.72	0 0 0
0x25b6700   90	3 3 1	44.1 40.18 13.72	0 0 0
0x25b5500   90	3 3 1	46.06 42.14 13.72	0 0 0
0x25b5b80   90	3 3 1	44.1 44.1 13.72	0 0 0
0x25b6780   90	3 3 1	46.06 46.06 13.72	0 0 0
0x25befd0   90	3 3 1	36.26 38.22 15.68	0 0 0
0x25be0d0   90	3 3 1	38.22 36.26 15.68	0 0 0
0x25beb50   90	3 3 1	36.26 42.14 15.68	0 0 0
0x25be050   90	3 3 1	38.22 40.18 15.68	0 0 0
0x25be550   90	3 3 1	36.26 46.06 15.68	0 0 0
0x25be7d0   90	3 3 1	38.22 44.1 15.68	0 0 0
0x25bf850   90	3 3 1	40.18 38.22 15.68	0 0 0
0x25bee50   90	3 3 1	42.14 36.26 15.68	0 0 0
0x25beed0   90	3 3 1	40.18 42.14 15.68	0 0 0
0x25bf8d0   90	3 3 1	42.14 40.18 15.68	0 0 0
0x25bf050   90	3 3 1	40.18 46.06 15.68	0 0 0
0x25bf650   90	3 3 1	42.14 44.1 15.68	0 0 0
0x25c17f0   90	3 3 1	44.1 38.22 15.68	0 0 0
0x25c0c70   90	3 3 1	46.06 36.26 15.68	0 0 0
0x25c0470   90	3 3 1	44.1 42.14 15.68	0 0 0
0x25bfff0   90	3 3 1	46.06 40.18 15.68	0 0 0
0x25c1870   90	3 3 1	44.1 46.06 15.68	0 0 0
0x25c0f70   90	3 3 1	46.06 44.1 15.68	0 0 0
0x25c8c90   90	3 3 1	36.26 36.26 17.64	0 0 0
0x25c8710   90	3 3 1	38.22 38.22 17.64	0 0 0
0x25c8110   90	3 3 1	36.26 40.18 17.64	0 0 0
0x25c9690   90	3 3 1	38.22 42.14 17.64	0 0 0
0x25c8b90   90	3 3 1	36.26 44.1 17.64	0 0 0
0x25c8290   90	3 3 1	38.22 46.06 17.64	0 0 0
0x25c8910   90	3 3 1	40.18 36.26 17.64	0 0 0
0x25c9490   90	3 3 1	42.14 38.22 17.64	0 0 0
0x25c8410   90	3 3 1	40.18 40.18 17.64	0 0 0
0x25c8e90   90	3 3 1	42.14 42.14 17.64	0 0 0
0x25c9c90   90	3 3 1	40.18 44.1 17.64	0 0 0
0x25c9010   90	3 3 1	42.14 46.06 17.64	0 0 0
0x25c8b10   90	3 3 1	44.1 36.26 17.64	0 0 0
0x25c9110   90	3 3 1	46.06 38.22 17.64	0 0 0
0x25c9a90   90	3 3 1	44.1 40.18 17.64	0 0 0
0x25c9610   90	3 3 1	46.06 42.14 17.64	0 0 0
0x25c9810   90	3 3 1	44.1 44.1 17.64	0 0 0
0x25c9190   90	3 3 1	46.06 46.06 17.64	0 0 0
0x25d0f40   90	3 3 1	36.26 38.22 19.6	0 0 0
0x25cfdc0   90	3 3 1	38.22 36.26 19.6	0 0 0
0x25d1ac0   90	3 3 1	36.26 42.14 19.6	0 0 0
0x25d15c0   90	3 3 1	38.22 40.18 19.6	0 0 0
0x25d0a40   90	3 3 1	36.26 46.06 19.6	0 0 0
0x25d0b40   90	3 3 1	38.22 44.1 19.6	0 0 0
0x25d1340   90	3 3 1	40.18 38.22 19.6	0 0 0
0x25d1540   90	3 3 1	42.14 36.26 19.6	0 0 0
0x25d2ac0   90	3 3 1	40.18 42.14 19.6	0 0 0
0x25d21c0   90	3 3 1	42.14 40.18 19.6	0 0 0
0x25d2340   90	3 3 1	40.18 46.06 19.6	0 0 0
0x25d1fc0   90	3 3 1	42.14 44.1 19.6	0 0 0
0x25d3740   90	3 3 1	44.1 38.22 19.6	0 0 0
0x25d2b40   90	3 3 1	46.06 36.26 19.6	0 0 0
0x25d2f40   90	3 3 1	44.1 42.14 19.6	0 0 0
0x25d26c0   90	3 3 1	46.06 40.18 19.6	0 0 0
0x25d38c0   90	3 3 1	44.1 46.06 19.6	0 0 0
0x25d2740   90	3 3 1	46.06 44.1 19.6	0 0 0
0x25db3d0   90	3 3 1	36.26 36.26 21.56	0 0 0
0x25db750   90	3 3 1	38.22 38.22 21.56	0 0 0
0x25db4d0   90	3 3 1	36.26 40.18 21.56	0 0 0
0x25da3d0   90	3 3 1	38.22 42.14 21.56	0 0 0
0x25dacd0   90	3 3 1	36.26 44.1 21.56	0 0 0
0x25da650   90	3 3 1	38.22 46.06 21.56	0 0 0
0x25db850   90	3 3 1	40.18 36.26 21.56	0 0 0
0x25dab50   90	3 3 1	42.14 38.22 21.56	0 0 0
0x25db6d0   90	3 3 1	40.18 40.18 21.56	0 0 0
0x25db2d0   90	3 3 1	42.14 42.14 21.56	0 0 0
0x25db150   90	3 3 1	40.18 44.1 21.56	0 0 0
0x25daed0   90	3 3 1	42.14 46.06 21.56	0 0 0
0x25d9e50   90	3 3 1	44.1 36.26 21.56	0 0 0
0x25d9ed0   90	3 3 1	46.06 38.22 21.56	0 0 0
0x25d9fd0   90	3 3 1	44.1 40.18 21.56	0 0 0
0x25da1d0   90	3 3 1	46.06 42.14 21.56	0 0 0
0x25da250   90	3 3 1	44.1 44.1 21.56	0 0 0
0x25da2d0   90	3 3 1	46.06 46.06 21.56	0 0 0
