0.982014 0.986938 13.7074	-21.9673 -14.3189 16.8791
2.94221 2.94703 13.7202	-20.3538 -15.1331 22.9131
0.981722 4.90674 13.7205	-20.0792 -13.8443 22.7805
2.94241 6.86494 13.7267	-18.049 -13.9365 25.2311
0.981352 8.82417 13.7142	-16.9591 -13.9587 19.1174
2.94146 10.7844 13.7143	-14.385 -14.9209 19.5863
4.90086 0.985184 13.7203	-21.4274 -16.4568 22.5596
6.85948 2.94515 13.7266	-19.8446 -14.9089 25.2823
4.90147 4.9056 13.7326	-18.5705 -14.7361 28.2127
6.86055 6.86382 13.7327	-17.5839 -13.4774 28.0463
4.90167 8.82369 13.7267	-15.8159 -14.6187 25.2787
6.86001 10.7839 13.7207	-14.2351 -14.3058 22.5122
8.81791 0.983106 13.7141	-22.4081 -14.4172 18.8621
10.7788 2.94258 13.7143	-22.0826 -13.2547 19.3846
8.81918 4.9038 13.7268	-19.9591 -12.8026 25.2531
10.7803 6.86139 13.7208	-20.1894 -12.0285 22.3016
8.82005 8.82249 13.7205	-17.2715 -12.5964 22.1578
10.7803 10.7819 13.7078	-16.1421 -12.2529 16.4688
0.979199 2.94325 15.6959	11.602 8.97299 -32.7796
2.93892 0.983508 15.6959	9.89474 9.3836 -32.0502
0.979985 6.86565 15.6986	10.9681 6.27396 -33.626
2.93901 4.90386 15.7008	10.4175 6.82895 -34.092
0.98056 10.7856 15.6934	9.79638 8.7036 -32.2334
2.93986 8.82576 15.6984	9.39837 6.70689 -34.1479
4.89972 2.94248 15.7008	8.27945 8.18375 -33.6657
6.86117 0.982622 15.6985	7.02814 8.84056 -32.478
4.90007 6.8645 15.7032	8.04629 5.45568 -35.9389
6.86092 4.90272 15.7031	7.83431 6.16741 -35.8931
4.9006 10.7842 15.6985	6.80102 7.76567 -34.134
6.86154 8.8242 15.7009	6.50581 5.48576 -36.3482
8.82153 2.94141 15.6984	9.10466 7.78177 -33.8382
10.7809 0.980901 15.6934	10.9764 7.89028 -31.5592
8.82173 6.86322 15.701	8.46362 4.29405 -36.4616
10.7809 4.90121 15.6988	11.3362 4.81344 -34.2335
8.82211 10.7825 15.6961	7.21113 6.76638 -35.2782
10.7813 8.82247 15.6963	9.85571 3.93258 -35.2054
0.981443 0.978138 17.6399	21.8115 16.8347 -0.215516
2.94202 2.93854 17.6398	24.1845 19.9162 -0.289077
0.981452 4.89762 17.6397	20.6643 18.2784 -0.319865
2.94159 6.85685 17.6399	23.8713 13.4622 -0.144165
0.981359 8.81691 17.6397	20.6555 10.8567 -0.259336
2.94125 10.7778 17.6396	24.1448 12.4572 0.199235
4.90234 0.979215 17.64	23.1186 17.0506 -0.805816
6.86104 2.93969 17.6397	18.2412 20.5288 -0.529223
4.90112 4.8981 17.6398	22.5071 18.337 -0.225103
6.85957 6.85733 17.6398	17.4436 12.9565 0.0269921
4.90043 8.81685 17.6399	22.2407 10.1159 0.186835
6.85897 10.7778 17.6396	17.5746 11.5466 0.402447
8.82196 0.980341 17.6399	15.9382 17.8491 -0.965691
10.782 2.94089 17.6397	17.7412 20.841 -0.333349
8.82018 4.89925 17.6396	15.0442 18.4361 -0.194003
10.7803 6.85868 17.6396	16.8432 12.9474 0.165364
8.81882 8.81743 17.6397	14.482 9.47835 0.219002
10.7789 10.7783 17.6396	17.3071 11.7404 0.198648
0.978752 2.93117 19.5843	7.55821 6.05398 33.7013
2.93871 0.972085 19.5846	6.13533 7.90616 33.3204
0.977988 6.85352 19.5815	9.52917 2.87574 35.0147
2.93791 4.89238 19.5795	7.45773 5.06403 34.6646
0.977698 10.7735 19.5871	10.1675 5.57283 33.903
2.93709 8.81463 19.5819	8.80555 4.51617 35.1501
4.89927 2.93244 19.5797	4.62806 7.94119 34.6021
6.86139 0.974021 19.5819	3.42456 8.82876 34.7321
4.89805 6.85455 19.5771	6.44307 4.6549 36.4138
6.85998 4.89418 19.5771	4.92963 6.03322 36.4962
4.8977 10.7747 19.5817	6.50432 6.71526 34.9144
6.85875 8.81621 19.5793	5.81274 4.74874 36.9063
8.82137 2.93479 19.5818	5.19174 7.74255 35.2765
10.7812 0.976966 19.5869	6.55554 8.3846 33.8118
8.81964 6.85674 19.5792	6.94686 4.03504 36.8683
10.7798 4.89712 19.5815	8.30167 5.55777 34.741
8.81888 10.7767 19.5841	7.09481 5.75924 35.7854
10.7781 8.81895 19.5841	9.64139 4.40064 35.4855
0.97896 0.979489 21.572	-13.5093 -14.6751 -17.5306
2.93978 2.94066 21.5592	-14.9963 -14.3606 -23.4974
0.979531 4.89975 21.559	-17.0182 -13.9877 -23.581
2.94007 6.85879 21.5528	-17.422 -13.0149 -26.2427
0.979344 8.81764 21.5655	-19.2263 -13.8267 -20.3966
2.94081 10.7785 21.5657	-20.6214 -13.9317 -20.8326
4.89811 0.979897 21.5588	-12.4405 -14.679 -23.3466
6.8573 2.94073 21.5527	-13.9716 -14.3883 -25.8526
4.89935 4.90036 21.5467	-15.6527 -13.1381 -28.7829
6.85845 6.85921 21.5467	-16.8532 -13.0112 -28.7601
4.8999 8.81851 21.5529	-18.3038 -13.0323 -26.3281
6.85979 10.7791 21.5592	-20.3171 -13.9327 -23.5445
8.81541 0.979668 21.5654	-12.7683 -15.6864 -20.015
10.7767 2.94078 21.5658	-15.9554 -14.9246 -20.3509
8.81718 4.9001 21.5529	-16.6748 -14.1476 -25.9877
10.7782 6.85925 21.5592	-19.2096 -13.6469 -23.2783
8.81849 8.81861 21.5593	-19.3544 -13.9772 -23.1674
10.7802 10.7796 21.5726	-21.6024 -13.7607 -17.5742
0.979555 12.7454 13.7079	-13.7877 -14.768 16.3909
2.93995 14.7056 13.721	-13.1625 -15.0252 22.3201
0.97843 16.664 13.7213	-14.1929 -14.3818 21.9202
2.9389 18.6222 13.7276	-12.9682 -14.2401 24.6659
0.977111 20.5808 13.7149	-13.5416 -14.3628 18.6325
2.93752 22.5412 13.7148	-13.3297 -15.2421 19.1777
4.9002 12.7453 13.7209	-12.85 -15.3801 22.6633
6.85881 14.7053 13.7272	-12.0406 -13.6821 25.3352
4.8993 16.6642 13.7334	-12.1308 -14.4093 27.7487
6.85811 18.6225 13.7334	-11.564 -13.1657 27.9706
4.8979 20.5811 13.7275	-11.883 -14.8821 24.9886
6.85656 22.5415 13.7212	-12.3602 -14.6281 22.5369
8.81896 12.7445 13.7144	-13.6287 -12.5918 19.6144
10.7796 14.7041 13.7145	-14.0399 -11.6879 20.0655
8.81847 16.664 13.7271	-12.8003 -11.7446 25.5673
10.7792 18.6216 13.7211	-13.4537 -11.3897 22.9113
8.81733 20.5813 13.721	-12.3116 -12.4911 22.529
10.7778 22.5412 13.7079	-13.2702 -12.4948 17.1234
0.980827 14.7047 15.6957	8.51745 8.2743 -31.3729
2.93996 12.7441 15.6957	8.30202 8.93424 -32.2956
0.981167 18.6276 15.6983	7.42388 5.08594 -31.5288
2.94032 16.6653 15.7003	7.07099 6.0349 -32.59
0.98026 22.5477 15.6931	7.34141 7.1694 -30.6151
2.94006 20.5877 15.698	6.52353 5.55988 -32.3338
4.90056 14.7032 15.7003	5.94841 7.71447 -33.7438
6.86162 12.7424 15.6984	5.71147 8.38141 -34.4579
4.9007 18.6258 15.7026	4.96675 4.85418 -34.5683
6.86163 16.6632 15.7027	4.83272 5.94189 -35.9087
4.90012 22.5463 15.6982	4.17043 6.94183 -32.7693
6.8613 20.5855 15.7005	3.64506 5.37493 -35.5419
8.82201 14.7012 15.6983	6.58598 7.55252 -35.5234
10.7813 12.7402 15.6934	9.0525 7.2002 -34.318
8.82187 18.6235 15.7007	5.24858 4.57257 -36.7042
10.7812 16.6607 15.6986	7.84931 4.93414 -35.5038
8.82118 22.5437 15.696	4.27246 7.07297 -35.228
10.7806 20.5826 15.6961	6.82752 4.7461 -35.7694
0.981602 12.7394 17.6391	21.5422 17.6419 -0.223032
2.94167 14.7003 17.6392	25.0746 19.8919 -0.0333471
0.982607 16.6611 17.6389	22.513 18.55 -0.713296
2.94269 18.6205 17.639	26.3434 13.1696 -0.308059
0.983341 20.5815 17.6386	23.6161 10.5411 -0.592082
2.9435 22.5421 17.6386	26.8785 12.151 0.0878099
4.90023 12.7392 17.6394	22.8813 16.6401 0.375034
6.85885 14.7 17.6394	18.9251 19.7596 0.327452
4.90072 16.6602 17.6393	24.2408 17.8296 0.0880462
6.85953 18.6194 17.6393	19.4611 12.4206 0.24213
4.90184 20.5803 17.6389	24.8121 9.82542 0.271946
6.86095 22.5408 17.639	19.6873 11.7924 0.704263
8.81823 12.7391 17.6395	15.5931 16.5613 0.273047
10.7785 14.6997 17.6396	18.0211 19.559 -0.0810785
8.81838 16.6596 17.6396	16.2044 17.6036 0.067001
10.7791 18.6187 17.6397	17.9099 12.3128 -0.151602
8.81939 20.5791 17.6394	16.2069 9.34557 0.275777
10.7801 22.5394 17.6395	18.2292 12.2377 0.383993
0.977979 14.6921 19.5852	12.1845 6.38983 32.8591
2.93722 12.7328 19.5848	9.27829 7.35516 33.2954
0.978237 18.6151 19.5831	14.4903 3.96539 33.0061
2.93727 16.6536 19.5806	12.1575 5.40995 33.695
0.979372 22.535 19.5884	14.1741 6.79978 31.6263
2.93821 20.576 19.5832	12.9734 5.35485 33.13
4.89776 14.6931 19.5801	8.22922 7.24133 34.424
6.85877 12.7344 19.5818	6.14727 7.27743 34.9985
4.89804 18.6158 19.5782	10.4765 4.65974 35.2273
6.8586 16.6549 19.5777	8.69374 4.98929 36.2173
4.89963 22.5356 19.5829	10.2804 7.27368 32.8087
6.85974 20.577 19.5801	9.16358 4.4058 35.4532
8.81882 14.695 19.582	8.663 5.97871 35.6457
10.7778 12.7368 19.5868	10.0665 6.67863 34.6296
8.81905 18.6173 19.5798	10.2039 2.73062 36.5848
10.7777 16.6572 19.5818	11.9082 3.74875 35.5072
8.82076 22.537 19.5847	10.1232 5.2636 34.2316
10.7787 20.5792 19.5845	12.1513 3.04885 35.2522
0.980126 12.7388 21.5724	-22.931 -14.3829 -17.5322
2.94159 14.699 21.5595	-24.3287 -13.6606 -23.4884
0.979917 16.6568 21.559	-25.8393 -13.4421 -22.7701
2.94123 18.6153 21.5529	-26.0279 -12.3333 -25.3508
0.980019 20.5732 21.5654	-26.6529 -13.1765 -18.9143
2.94127 22.5338 21.5655	-25.6387 -13.3134 -19.5864
4.90136 12.7397 21.5593	-22.3789 -13.7059 -23.8154
6.86108 14.6999 21.5531	-23.4929 -13.0392 -26.2497
4.90159 16.6581 21.547	-24.7025 -12.2617 -28.6813
6.861 18.6168 21.5469	-25.2382 -12.1778 -28.3549
4.90139 20.5747 21.553	-25.685 -12.3892 -25.295
6.86042 22.5356 21.5591	-24.8983 -13.5508 -22.4664
8.82038 12.7403 21.5659	-22.6186 -13.8863 -20.6218
10.7819 14.7013 21.566	-24.8486 -12.9987 -21.0515
8.821 16.6592 21.5531	-25.2553 -12.7459 -26.1998
10.7819 18.6188 21.5592	-26.6076 -12.4596 -23.327
8.82078 20.5765 21.5594	-25.9398 -13.3727 -22.5039
10.7812 22.5382 21.5725	-25.2146 -13.6309 -16.8951
0.976544 24.5021 13.7079	-15.605 -14.6714 15.9527
2.93762 26.4622 13.7207	-17.1895 -15.209 22.0332
0.976938 28.4213 13.7209	-19.8261 -13.9579 21.7689
2.93736 30.3796 13.7272	-20.117 -14.5341 24.4012
0.977205 32.3396 13.7144	-22.193 -13.9112 18.3923
2.93796 34.3002 13.7143	-23.0886 -15.5259 18.5432
4.8971 24.5021 13.721	-14.3753 -15.8522 22.4421
6.85631 26.4623 13.727	-15.5922 -14.5585 25.2832
4.89707 28.4209 13.7331	-17.712 -15.2384 27.5347
6.85556 30.3794 13.7331	-18.4351 -14.5562 27.5027
4.89644 32.3388 13.727	-20.6478 -15.9294 24.2918
6.85513 34.2995 13.7207	-22.0633 -16.1496 21.2851
8.81627 24.5025 13.7144	-14.2067 -13.191 19.9206
10.7774 26.4623 13.7142	-16.4287 -12.6223 20.5742
8.81586 28.4211 13.727	-17.4882 -12.9894 25.5133
10.7761 30.3793 13.7209	-19.1668 -12.9266 22.8229
8.81457 32.3388 13.7206	-20.4119 -14.1547 21.6571
10.7751 34.299 13.7076	-22.2856 -14.2679 15.8494
0.979581 26.4661 15.6957	8.2321 7.20055 -30.1758
2.93927 24.5062 15.6956	6.39223 7.61422 -30.7999
0.978502 30.3879 15.6981	10.8198 5.09952 -30.9433
2.93861 28.4264 15.7004	8.46536 5.45605 -31.3849
0.977884 34.3072 15.6927	11.4293 7.92574 -30.1229
2.93777 32.3481 15.6978	10.1742 5.88868 -31.1227
4.89961 26.465 15.7005	5.00028 6.79344 -32.3877
6.86084 24.5043 15.6984	3.25947 7.82615 -33.6197
4.89883 30.3869 15.7026	7.44417 4.754 -33.0464
6.8603 28.4247 15.7029	5.38467 5.49322 -34.5941
4.89873 34.3067 15.6979	7.66722 7.49428 -30.3202
6.85979 32.3466 15.7004	6.62685 5.68422 -33.2405
8.82089 26.4626 15.6984	5.21653 7.23184 -35.1151
10.78 24.501 15.6935	6.54832 7.61417 -34.913
8.82028 30.3847 15.7007	7.43284 4.67862 -35.3634
10.7797 28.4217 15.6988	8.56465 4.99686 -35.6077
8.8204 34.3046 15.6956	7.69016 7.58599 -31.9328
10.7793 32.3436 15.6958	9.91935 5.14135 -34.3534
0.983831 24.5037 17.6386	23.9863 16.961 -0.197291
2.94435 26.4642 17.6389	26.6984 19.8447 0.0405732
0.984328 28.4242 17.6391	23.6413 17.8409 -0.752361
2.94502 30.383 17.6391	26.6422 13.1642 -0.84069
0.9841 32.3424 17.6394	23.6915 9.88587 -1.32109
2.94493 34.3023 17.6396	26.5946 12.3177 -1.40534
4.903 24.503 17.6388	24.946 16.9333 0.600739
6.86223 26.4632 17.6392	19.8508 20.8246 0.967475
4.90398 28.4234 17.6391	24.8308 18.5029 0.170485
6.86335 30.382 17.6393	19.2729 13.8953 0.329014
4.90483 32.3421 17.6393	24.581 10.5766 -0.763257
6.86437 34.302 17.6397	19.2782 13.1281 -0.787955
8.82089 24.5015 17.6393	16.7015 17.554 0.98104
10.7818 26.4615 17.6398	17.8837 21.3175 1.27848
8.8223 28.4223 17.6395	16.0305 19.4999 1.16508
10.7834 30.3809 17.6398	17.0301 14.8299 1.35887
8.82361 32.3412 17.6396	15.5932 11.4421 0.413494
10.7844 34.3013 17.6401	17.4582 14.4649 0.5138
0.980229 26.4535 19.5859	14.5683 7.27352 31.6006
2.93942 24.4938 19.5859	13.0034 8.30778 31.404
0.981501 30.3759 19.5827	12.8663 4.28215 32.7203
2.94048 28.4146 19.5808	12.9682 5.9991 32.6379
0.982035 34.2948 19.5876	10.3243 6.45774 32.2974
2.94185 32.3362 19.5828	10.4889 5.63019 33.1053
4.90069 26.454 19.5808	11.0112 7.9662 32.7334
6.86134 24.4949 19.5826	9.55363 7.6733 32.9438
4.90224 30.3763 19.5781	9.70202 5.32644 34.3924
6.86261 28.4156 19.5779	9.73018 5.71955 34.7253
4.90317 34.2955 19.5824	7.1508 7.74687 33.347
6.86435 32.3372 19.5798	7.21747 5.35293 34.9949
8.82217 26.4555 19.5824	10.9834 6.32966 33.8009
10.7803 24.4969 19.5871	12.6425 6.25621 33.0696
8.82399 30.3779 19.5795	9.35465 3.64788 35.222
10.782 28.4178 19.5817	12.407 4.27198 33.6573
8.82515 34.2972 19.5843	6.96323 6.39931 34.2342
10.7838 32.3396 19.584	9.93727 4.164 33.7902
0.979884 24.4942 21.5717	-25.0748 -13.846 -16.4782
2.94013 26.4552 21.5588	-23.692 -13.2864 -22.5121
0.979162 28.4142 21.5584	-23.2853 -13.1925 -22.0905
2.93952 30.3735 21.5525	-20.9075 -12.5044 -24.7379
0.979173 32.3328 21.565	-19.1629 -13.4372 -19.0691
2.93891 34.2943 21.5651	-15.828 -13.9026 -19.7887
4.90045 24.4956 21.5589	-24.1896 -13.2935 -22.7169
6.8585 26.4567 21.5526	-22.4863 -13.2604 -25.1189
4.899 28.4153 21.5465	-21.7207 -12.393 -27.6381
6.85743 30.375 21.5466	-19.8067 -13.033 -27.4907
4.89833 32.3338 21.5526	-17.6668 -13.053 -24.9833
6.85619 34.2953 21.5587	-14.8389 -14.718 -22.5217
8.81919 24.4976 21.5656	-23.83 -14.0909 -19.5488
10.779 26.4595 21.5657	-23.2885 -13.8444 -19.9206
8.81729 28.4171 21.5529	-22.0263 -13.7707 -25.0281
10.7776 30.3772 21.5592	-21.2585 -14.2001 -22.3231
8.81628 32.3353 21.5592	-18.0788 -14.9195 -22.0438
10.7762 34.2971 21.5722	-15.8543 -15.745 -16.5836
0.978864 36.2628 13.7076	-24.966 -14.2896 15.8606
2.93915 38.2232 13.7206	-25.3852 -15.4396 21.716
0.979768 40.1841 13.721	-26.1386 -13.7881 22.1657
2.93995 42.1428 13.7271	-25.051 -14.6235 24.4838
0.981135 44.1039 13.7143	-24.8959 -13.7977 18.967
2.94175 46.0644 13.714	-23.122 -15.4675 19.3385
4.89725 36.2614 13.7207	-24.0427 -16.7605 21.4029
6.85562 38.2218 13.7268	-24.1471 -15.7407 23.8447
4.89783 40.1823 13.733	-24.602 -15.7623 26.8948
6.85638 42.1411 13.7329	-24.2899 -15.1242 26.6015
4.89932 44.1021 13.7267	-23.9379 -16.0336 24.3871
6.85835 46.0624 13.7204	-23.1175 -16.0915 21.6653
8.81444 36.2607 13.7141	-23.6631 -14.8387 18.155
10.775 38.2207 13.7143	-24.8363 -14.0689 18.4063
8.81465 40.1809 13.727	-24.8895 -14.0831 23.6534
10.7754 42.139 13.721	-25.7213 -13.5723 20.7358
8.81615 44.1002 13.7205	-24.9184 -14.4683 20.7052
10.7774 46.0599 13.7076	-24.6967 -14.1307 15.1955
0.978008 38.2248 15.6953	12.4056 8.38176 -30.3888
2.93788 36.2656 15.6952	10.3842 8.55618 -29.2573
0.9781 42.1463 15.6981	12.6591 6.10767 -32.2623
2.93787 40.1851 15.7002	11.8446 6.58909 -30.9601
0.978906 46.0652 15.6933	11.1561 8.93335 -32.164
2.93844 44.1064 15.6981	10.5902 6.87361 -32.2715
4.89892 38.2243 15.7001	8.99056 7.86279 -29.7862
6.86025 36.2644 15.698	7.06138 8.59284 -29.7631
4.89897 42.1457 15.7026	9.46712 5.75647 -32.2123
6.86017 40.1842 15.7025	8.96953 6.54604 -31.2304
4.8998 46.0647 15.6985	7.60919 8.23975 -32.0153
6.86067 44.1054 15.7006	7.51981 6.29455 -32.4773
8.82084 38.2227 15.6979	9.45611 8.11704 -30.2228
10.7799 36.2616 15.6929	10.546 8.19719 -30.7365
8.82085 42.1445 15.7005	9.95484 5.32197 -31.6947
10.7801 40.182 15.6981	12.5787 5.72013 -30.2959
8.82155 46.0635 15.696	8.21954 7.64668 -31.7632
10.7805 44.1036 15.6958	11.4012 5.23535 -31.0618
0.983346 36.2622 17.6399	23.7951 16.7069 -1.21855
2.94436 38.2221 17.6399	26.4307 20.1009 -1.98809
0.982782 40.1806 17.6398	23.4036 17.7013 -1.58994
2.94371 42.1393 17.6398	26.3281 13.2706 -2.14272
0.982025 44.098 17.6398	22.8863 9.81922 -1.05581
2.94279 46.0583 17.64	25.4382 12.2063 -0.983121
4.90489 36.2627 17.6399	24.5851 17.6348 -1.77089
6.86414 38.2227 17.64	19.6631 21.6787 -2.29352
4.90413 40.1812 17.6399	24.6321 18.9519 -2.74238
6.86326 42.14 17.6398	19.3312 14.1436 -2.91162
4.90338 44.0988 17.64	24.1676 10.518 -2.12524
6.86251 46.0593 17.64	18.7897 12.5452 -1.63753
8.82432 36.2625 17.6401	16.3047 19.0736 -0.937762
10.7848 38.2226 17.6403	17.9089 22.7479 -1.10193
8.82384 40.1818 17.64	16.2872 20.2222 -2.58091
10.7844 42.141 17.6401	17.9013 15.2002 -2.15398
8.82306 44.0998 17.64	16.0028 11.2014 -2.3376
10.7834 46.0605 17.6401	18.2282 13.6238 -1.30059
0.981672 38.2127 19.585	8.38722 6.37769 32.4709
2.94175 36.2535 19.5852	8.2495 8.04065 32.4017
0.981073 42.134 19.5819	7.29037 3.46601 33.6976
2.94132 40.1735 19.5801	6.61822 5.46299 33.7955
0.979502 46.0529 19.587	7.25046 6.10614 33.448
2.94012 44.0944 19.5822	6.37697 5.31803 34.3757
4.90279 38.2136 19.5803	5.27899 7.9684 34.1668
6.86466 36.255 19.5822	5.21179 8.37173 34.137
4.90205 42.135 19.5776	4.30114 5.28017 35.9029
6.8642 40.1752 19.5775	3.5829 6.09976 36.4444
4.90047 46.0542 19.582	4.16895 7.87734 34.5087
6.86293 44.0962 19.5796	3.20263 5.8111 36.5538
8.82513 38.2158 19.582	5.19781 7.1773 35.2726
10.7842 36.2575 19.5867	7.99203 7.4765 33.2667
8.82445 42.1374 19.5794	3.99187 4.36819 36.9097
10.7842 40.1781 19.5815	6.16492 5.18061 34.9163
8.82276 46.0565 19.5844	4.21721 7.26505 35.4078
10.7829 44.0993 19.5842	5.99294 5.0671 35.1878
0.978521 36.2561 21.5716	-14.8285 -14.2183 -16.9511
2.93855 38.2176 21.5589	-13.5829 -13.8938 -22.868
0.97881 40.1773 21.5587	-13.9519 -13.5896 -22.5828
2.9389 42.1367 21.5526	-12.2395 -13.0365 -25.276
0.97873 44.0963 21.5652	-12.1111 -13.822 -19.6441
2.93878 46.0578 21.5652	-11.5129 -14.4208 -20.2822
4.89729 36.2567 21.5587	-13.4542 -14.155 -22.9959
6.85553 38.2181 21.5527	-12.2542 -14.425 -25.5275
4.89757 40.1778 21.5467	-12.1797 -13.1547 -28.0907
6.85602 42.1371 21.5466	-11.192 -13.8309 -28.0209
4.89758 44.0969 21.5526	-10.6589 -13.66 -25.5197
6.85592 46.058 21.5587	-10.7588 -15.2146 -22.8799
8.81471 36.2576 21.5653	-13.478 -15.7214 -19.765
10.7751 38.2193 21.5656	-13.777 -15.6841 -20.0197
8.81482 40.1781 21.5529	-12.7621 -15.065 -25.4745
10.7753 42.1375 21.5591	-13.1763 -15.3704 -22.6487
8.81487 44.0969 21.559	-11.3683 -15.5642 -22.4694
10.7752 46.0581 21.5721	-12.2193 -15.9143 -16.8255
12.7393 0.979789 13.7078	-23.65 -14.459 16.3878
14.7001 2.93898 13.7209	-22.4259 -14.3701 22.6809
12.7405 4.9004 13.721	-21.7048 -13.1835 22.5831
14.7014 6.85769 13.7272	-20.1535 -12.6933 25.1905
12.7417 8.81913 13.7145	-18.6048 -12.4731 19.5175
14.7017 10.7785 13.7145	-16.2126 -13.3232 20.0907
16.6588 0.976876 13.7211	-23.5487 -14.3192 22.5178
18.6178 2.9365 13.7277	-22.2893 -12.5949 24.9137
16.6597 4.89726 13.7335	-21.0015 -12.6958 27.8473
18.6188 6.85534 13.7337	-19.8475 -11.4858 27.4083
16.6606 8.81615 13.7273	-17.9927 -12.4738 25.2025
18.6188 10.7762 13.7214	-15.8903 -12.5224 22.3219
20.5772 0.974944 13.7151	-24.4193 -13.0219 18.7384
22.5379 2.9348 13.7152	-24.0877 -13.1395 18.9982
20.5775 4.89509 13.7279	-22.2291 -11.9585 24.5306
22.5382 6.85342 13.7217	-21.7439 -12.6485 21.6349
20.5781 8.81409 13.7215	-18.7967 -12.3251 21.6098
22.538 10.7743 13.7085	-16.7899 -13.6025 16.0741
12.7398 2.93903 15.6959	12.3846 6.19864 -32.2634
14.6996 0.978154 15.6955	11.0661 7.24616 -31.6199
12.7401 6.86106 15.6988	11.4736 2.76871 -34.2731
14.6996 4.89854 15.7005	11.1469 4.25092 -33.7828
12.7403 10.78 15.6935	10.1271 5.15779 -33.8766
14.7002 8.81989 15.6984	9.33039 3.51704 -34.5043
16.6604 2.93663 15.7	9.5808 7.23955 -33.3384
18.6217 0.976081 15.6974	8.88399 8.69734 -32.8309
16.6609 6.85859 15.7027	8.28664 3.97492 -35.2793
18.6219 4.89659 15.7022	8.94958 6.0989 -35.0519
16.6614 10.7776 15.6983	6.14936 5.98834 -33.8517
18.6229 8.81781 15.7003	6.30725 5.00728 -35.1812
20.5823 2.93481 15.697	11.0631 8.01003 -33.5449
22.5411 0.974139 15.6917	13.3324 8.00793 -31.8681
20.5831 6.85689 15.7	9.24637 4.58571 -35.0935
22.5419 4.89501 15.6973	13.1099 5.48104 -33.136
20.5838 10.7757 15.6954	6.71485 6.52883 -33.8041
22.543 8.81631 15.6952	10.2792 4.52712 -33.5485
12.7439 0.981576 17.6401	23.1658 18.2251 -0.381861
14.7039 2.94242 17.6399	26.5366 20.6177 0.335053
12.7424 4.90074 17.6396	22.5285 18.4764 0.246124
14.7024 6.86021 17.6398	26.489 13.3245 0.662351
12.7407 8.81879 17.6397	22.4437 10.1737 0.346397
14.7008 10.7795 17.6396	26.3589 11.9948 0.191268
16.6644 0.983092 17.6406	25.5281 17.8005 0.458028
18.6229 2.94405 17.6404	21.0171 20.4815 0.782694
16.6628 4.90235 17.6399	25.5412 18.3328 0.85662
18.6215 6.86172 17.64	20.7413 12.5175 0.974429
16.6614 8.82019 17.6398	25.3026 9.7812 0.623207
18.6205 10.7808 17.6397	20.5635 11.1893 0.350771
20.5831 0.983967 17.6412	18.0293 17.4405 0.645878
22.5433 2.94467 17.641	19.4945 20.0701 0.580055
20.5823 4.90385 17.6405	17.7644 17.9441 0.993068
22.5429 6.86304 17.6406	19.0677 12.4254 1.20856
20.5813 8.82158 17.6401	17.481 9.01188 0.925164
22.5421 10.7818 17.6402	19.4026 11.4531 0.899309
12.7395 2.93836 19.5844	7.91902 7.97478 32.9357
14.7001 0.980952 19.5844	5.86507 8.97365 32.1025
12.7378 6.86028 19.5817	10.3377 4.84441 34.2753
14.6986 4.90088 19.5796	8.02251 6.48893 33.5983
12.7367 10.7799 19.5869	10.8743 6.74949 34.2795
14.697 8.8226 19.5821	9.8256 5.9898 34.7005
16.6605 2.94203 19.5796	4.47177 8.04874 32.7237
18.6225 0.984195 19.5817	2.76422 8.17925 31.7452
16.6587 6.86365 19.5774	7.17155 5.39139 35.0169
18.621 4.90404 19.5773	5.01645 5.99385 34.0049
16.6578 10.7832 19.582	7.50046 7.43069 34.4902
18.6195 8.82547 19.5798	6.62532 5.59429 34.9587
20.5821 2.9449 19.5819	4.90986 7.44038 31.8935
22.5414 0.986337 19.5868	6.43859 7.99291 30.3882
20.5805 6.8664 19.5797	7.40841 4.85106 33.777
22.5404 4.9064 19.5818	8.52884 5.83295 31.3344
20.5797 10.7857 19.5847	7.88726 7.40954 33.121
22.5391 8.82776 19.5846	10.284 5.84018 31.9385
12.7368 0.980445 21.5724	-14.0162 -15.231 -17.3133
14.6979 2.94171 21.5596	-16.2111 -14.7965 -22.8634
12.7385 4.9008 21.5594	-18.3555 -13.8062 -23.3567
14.6994 6.8602 21.5532	-19.086 -12.9497 -25.7438
12.7402 8.81942 21.5659	-20.4149 -12.8751 -20.4534
14.7017 10.7811 21.5661	-21.6072 -13.1713 -20.843
16.656 0.980952 21.5593	-13.7253 -16.421 -22.1576
18.6152 2.94158 21.5533	-15.9249 -16.1114 -24.434
16.6576 4.90118 21.5473	-17.4833 -14.6301 -27.8275
18.6165 6.86014 21.5472	-18.9427 -14.8869 -27.512
16.6591 8.82015 21.5533	-19.9512 -14.1127 -25.5466
18.6185 10.7813 21.5595	-21.832 -15.4401 -22.4603
20.5739 0.981333 21.5657	-14.7387 -16.1455 -18.2932
22.5353 2.94215 21.5658	-17.8803 -14.3963 -18.5972
20.5751 4.90106 21.5533	-18.8521 -14.8606 -24.3796
22.5358 6.86011 21.5592	-21.1815 -13.7598 -21.4819
20.5761 8.82004 21.5596	-21.3898 -14.9427 -21.4804
22.5372 10.7812 21.5725	-23.5521 -14.179 -15.4079
12.7412 12.7419 13.7079	-14.9194 -12.7928 17.3036
14.7013 14.7013 13.7208	-13.9651 -13.1276 23.1842
12.7409 16.662 13.721	-14.1216 -12.1443 23.2128
14.7011 18.6197 13.727	-12.5757 -12.2312 25.862
12.7401 20.5798 13.7145	-12.7968 -12.3929 20.2993
14.7002 22.5399 13.7143	-12.3931 -13.7601 20.9968
16.6602 12.7391 13.7212	-14.3522 -13.1148 23.0222
18.6185 14.6993 13.7274	-12.9529 -11.8143 25.2621
16.6603 16.66 13.7331	-12.4931 -11.9323 28.2977
18.6188 18.6185 13.7332	-11.4861 -11.2219 28.0717
16.6598 20.5787 13.727	-11.2412 -12.5836 26.0295
18.618 22.5393 13.721	-11.4381 -13.0273 23.1572
20.5774 12.7372 13.7151	-14.5425 -12.6025 19.2644
22.5377 14.6977 13.7149	-14.3025 -13.155 19.487
20.5778 16.6584 13.7274	-13.1106 -11.6759 25.0512
22.5381 18.6168 13.7213	-13.2168 -12.8151 22.2263
20.5776 20.5775 13.721	-11.7709 -12.4837 22.3068
22.5377 22.5379 13.7081	-12.3339 -13.9502 16.6716
12.7401 14.6983 15.6958	9.05601 5.69814 -33.9787
14.7 12.7373 15.6957	8.0109 6.12961 -33.3218
12.7399 18.6203 15.6986	8.05769 3.30651 -35.1494
14.6997 16.6574 15.7005	7.03252 4.04192 -34.6746
12.7389 22.54 15.6935	7.47484 6.18759 -34.842
14.699 20.579 15.6984	6.53563 4.26088 -35.4199
16.6609 14.6955 15.7003	5.07532 6.3691 -34.0805
18.6228 12.7352 15.698	4.664 7.63886 -33.5647
16.6604 18.617 15.7029	4.339 3.88163 -36.0733
18.6223 16.655 15.7027	3.53467 5.31543 -35.6446
16.6594 22.5367 15.6985	3.72157 6.4777 -35.2585
18.6214 20.5761 15.7007	2.81956 4.79371 -36.3206
20.5834 14.6937 15.6978	5.30221 6.92023 -34.0986
22.5429 12.7336 15.6926	8.3549 7.10369 -32.6386
20.5827 18.6148 15.7007	4.00387 3.72273 -35.9184
22.5426 16.6534 15.6981	6.64872 4.36587 -33.8127
20.5815 22.5341 15.6959	3.71428 6.24036 -35.2341
22.5414 20.5742 15.6958	6.1046 3.84666 -34.6115
12.7395 12.7394 17.6396	22.7918 16.5702 -0.0994392
14.7 14.6999 17.6397	26.3814 19.3677 -0.278087
12.7397 16.6592 17.6399	22.9082 17.429 -0.312285
14.7003 18.6181 17.64	26.5093 12.7361 -0.19345
12.7403 20.5782 17.6398	22.9298 9.99414 -0.078815
14.701 22.5383 17.6398	25.8544 12.4227 0.237673
16.6602 12.7406 17.6395	25.1349 16.371 -0.0510819
18.6194 14.7009 17.6396	20.7834 19.5248 0.0145486
16.6596 16.6593 17.6398	25.3098 17.584 -0.157038
18.6189 18.618 17.6399	20.1336 12.1433 0.0834342
16.66 20.5775 17.6398	24.586 9.71835 0.0668454
18.6195 22.5377 17.6398	18.9912 11.5434 0.222648
20.5804 12.7416 17.6397	17.9048 16.2822 0.31792
22.5412 14.7015 17.64	19.409 19.4985 0.764087
20.5794 16.6599 17.6399	17.489 17.3608 0.401977
22.5405 18.6186 17.6402	18.5119 12.0874 0.830484
20.5792 20.5774 17.64	16.3319 8.8636 0.229588
22.5402 22.5376 17.6401	17.8275 11.5875 0.201368
12.7365 14.6979 19.5844	11.8848 6.23991 34.5217
14.6965 12.7402 19.5845	9.9774 7.81656 34.2378
12.7368 18.6201 19.5818	13.043 3.15065 35.3786
14.6963 16.6601 19.5796	11.5698 4.88012 35.6602
12.7383 22.5396 19.587	12.9336 5.61405 33.8103
14.6973 20.5819 19.5819	11.502 4.59407 35.6001
16.6575 14.7008 19.5797	8.63252 7.00108 35.3088
18.6192 12.7429 19.5821	6.94446 8.05174 34.126
16.6575 18.6225 19.5773	9.49769 4.25254 37.0022
18.6187 16.6625 19.5774	8.62012 5.54677 36.553
16.659 22.5419 19.5816	8.6484 6.63506 34.7718
18.6195 20.5838 19.5795	7.69736 5.19399 36.5738
20.5796 14.7033 19.5822	9.20259 7.89564 34.0639
22.539 12.7451 19.5873	10.724 8.91782 31.2416
20.5795 18.6247 19.5796	9.51978 5.11842 36.0491
22.5388 16.6647 19.582	12.0617 6.72198 33.1181
20.5807 22.5438 19.5842	8.22948 7.73041 34.5369
22.5394 20.5859 19.5843	10.7945 6.63402 33.901
12.7427 12.7419 21.5728	-23.4311 -12.9526 -18.3832
14.7037 14.7035 21.5598	-24.6174 -12.7598 -24.2973
12.7434 16.6617 21.5594	-26.044 -12.059 -24.145
14.7039 18.6217 21.5531	-25.423 -11.5504 -26.5095
12.7433 20.5796 21.5659	-25.8896 -12.0855 -20.4505
14.7036 22.5417 21.566	-24.1133 -12.9239 -20.7868
16.6617 12.7431 21.5596	-23.1187 -14.3476 -23.7288
18.6205 14.7041 21.5533	-23.9272 -14.5368 -25.9981
16.6628 16.6636 21.5471	-24.3949 -12.9585 -29.2708
18.6212 18.6233 21.547	-24.2468 -13.8375 -28.6781
16.6631 20.5822 21.5532	-24.2189 -13.2749 -26.1908
18.6215 22.5438 21.5594	-22.9199 -15.2853 -23.0051
20.5782 12.7432 21.566	-24.0033 -14.7933 -19.2052
22.5389 14.7044 21.5658	-25.7426 -13.6589 -19.3337
20.5795 16.6643 21.553	-25.1429 -13.9293 -25.6106
22.5398 18.6241 21.5591	-25.9072 -13.4295 -22.2727
20.5805 20.5838 21.5595	-24.5142 -14.5653 -22.3594
22.541 22.5453 21.5726	-23.6052 -14.1932 -16.2616
12.7394 24.5018 13.7076	-14.4919 -13.4535 18.1781
14.7 26.4618 13.7203	-15.5174 -14.2476 24.2932
12.7387 28.4208 13.7207	-17.6808 -13.4779 23.9339
14.6986 30.3792 13.7269	-17.6022 -14.001 26.5422
12.737 32.3382 13.7144	-20.023 -14.215 20.0172
14.6975 34.2986 13.714	-20.9834 -15.5847 20.2945
16.6594 24.5012 13.7207	-13.1333 -14.0208 24.0521
18.6182 26.4616 13.7269	-13.9548 -12.8939 26.3279
16.6591 28.421 13.7328	-15.5475 -13.4205 29.4523
18.6174 30.3796 13.7331	-16.2438 -12.6106 28.9781
16.6576 32.3386 13.7268	-18.1954 -14.3643 26.2753
18.6166 34.2989 13.7207	-20.0107 -14.3041 22.9838
20.5773 24.5004 13.7145	-12.9933 -13.2171 20.039
22.5382 26.4605 13.7145	-15.3001 -13.709 20.3494
20.5775 28.4204 13.727	-15.8756 -12.5542 26.1216
22.5379 30.3786 13.7211	-17.9936 -13.2958 23.2138
20.5767 32.3383 13.7208	-18.6412 -13.3264 22.8518
22.5378 34.2981 13.7078	-21.0094 -14.181 16.8784
12.7386 26.4586 15.6962	8.10198 6.07752 -35.2527
14.6983 24.4971 15.696	6.0744 6.84166 -34.9012
12.7383 30.381 15.6986	10.5578 3.56773 -35.7221
14.698 28.4175 15.7009	8.18122 4.17468 -36.4972
12.7384 34.3009 15.693	10.9596 6.57027 -32.9878
14.6979 32.3397 15.6982	9.78243 4.45097 -35.8671
16.659 26.455 15.7008	4.50057 6.43169 -36.2039
18.6206 24.4941 15.6985	2.70578 7.62428 -35.4407
16.6586 30.3772 15.7031	7.11784 3.72438 -37.8821
18.6201 28.4144 15.7032	4.83461 4.91241 -37.8963
16.6589 34.2973 15.6981	7.37034 6.66603 -34.9477
18.6198 32.3365 15.7006	6.25759 4.57724 -37.5789
20.5809 26.4524 15.6985	4.60796 6.55179 -36.1032
22.5403 24.4919 15.6932	6.18214 6.81293 -34.0988
20.5802 30.3746 15.7009	6.7622 3.23071 -37.8275
22.5397 28.4123 15.6987	7.7204 3.8739 -35.6101
20.5803 34.2946 15.6956	7.30535 6.07746 -35.6172
22.5391 32.3345 15.6958	9.16181 3.34952 -35.8348
12.7414 24.4999 17.6399	22.5744 17.6881 0.708086
14.7024 26.4599 17.6402	24.9846 21.0921 1.27446
12.7433 28.4206 17.6401	21.7426 19.757 1.68844
14.7041 30.3792 17.6403	24.7398 15.3351 2.17978
12.7447 32.3401 17.6402	21.7299 12.6098 1.63903
14.7052 34.3002 17.6407	24.8994 14.8756 1.74963
16.6609 24.4989 17.6399	23.5494 17.3822 0.665865
18.6203 26.4589 17.6402	18.3544 21.0087 1.01514
16.6621 28.4189 17.6403	22.9985 19.8055 1.85133
18.6212 30.3776 17.6404	17.4585 14.667 1.89623
16.6636 32.3385 17.6405	22.758 12.4051 2.2936
18.6226 34.2991 17.6409	17.708 14.105 1.83225
20.5796 24.4982 17.6401	15.713 16.973 0.285716
22.5404 26.4582 17.6403	16.8107 20.3007 0.312945
20.5801 28.418 17.6404	14.5831 19.0876 1.04854
22.5407 30.377 17.6403	15.6857 13.6964 0.732234
20.5809 32.3374 17.6405	14.0201 11.2827 1.35798
22.5412 34.2981 17.6407	16.3842 13.3149 0.651723
12.7396 26.458 19.5844	13.374 6.23235 32.7423
14.6986 24.4996 19.5843	11.5796 7.22672 33.2156
12.7416 30.3807 19.5814	11.8565 4.03121 33.1715
14.7 28.4204 19.5793	11.4558 5.48056 33.506
12.7427 34.3003 19.5864	9.69331 6.88766 32.2164
14.7018 32.3425 19.5813	9.40413 5.7518 33.03
16.6599 26.4602 19.5793	9.29298 7.13081 33.8869
18.6207 24.5015 19.5815	7.69355 7.97346 34.0887
16.6615 30.3828 19.5768	8.09766 5.20268 34.6289
18.6216 28.4222 19.5769	7.93553 6.05571 35.1938
16.6627 34.3029 19.5811	6.02791 7.75085 32.2903
18.6231 32.3444 19.5789	5.78411 5.94388 34.3475
20.5814 26.4622 19.5816	9.11086 8.19291 34.318
22.5402 24.5033 19.5867	10.593 9.60478 32.9538
20.5824 30.3846 19.579	7.85426 5.53006 35.078
22.5408 28.424 19.5814	10.825 7.03404 33.9198
20.5834 34.3048 19.5838	6.14516 7.93889 32.7564
22.5418 32.346 19.5839	9.10365 6.731 33.4279
12.7419 24.5011 21.5725	-23.7446 -13.321 -17.6571
14.7016 26.463 21.5596	-22.2373 -13.5364 -23.3571
12.7398 28.4204 21.5593	-22.4635 -13.458 -22.9417
14.7001 30.3802 21.5532	-19.9727 -13.4304 -25.3345
12.7386 32.3379 21.5658	-18.4429 -14.4024 -19.5923
14.6986 34.2996 21.5657	-15.1722 -15.3573 -19.8448
16.6621 24.5039 21.5595	-22.1814 -14.5808 -23.4918
18.6201 26.4652 21.5533	-20.1544 -15.1586 -25.6321
16.6604 28.4231 21.5472	-20.0695 -14.0868 -28.2005
18.6191 30.3824 21.5472	-18.2076 -15.1601 -27.7669
16.6592 32.3403 21.5532	-16.7588 -15.2808 -25.1327
18.6174 34.3015 21.5592	-14.2726 -17.1138 -22.0384
20.5803 24.506 21.566	-21.5554 -15.1031 -19.7282
22.5405 26.4673 21.566	-20.86 -14.072 -19.8963
20.5792 28.4253 21.5533	-19.6616 -14.7508 -25.3017
22.54 30.3847 21.5594	-19.216 -14.0872 -22.1593
20.5784 32.3426 21.5596	-16.8666 -15.8408 -21.7522
22.5386 34.3038 21.5723	-15.1112 -15.1908 -15.8043
12.7366 36.2598 13.7075	-23.5001 -15.1021 16.512
14.6972 38.2196 13.7204	-23.9066 -15.4283 22.4034
12.7362 40.1791 13.7209	-25.204 -14.358 21.5467
14.6971 42.1368 13.727	-24.8578 -14.1432 24.2393
12.7374 44.0972 13.7144	-25.489 -14.1498 18.1586
14.6989 46.0566 13.7143	-24.6045 -14.888 19.1291
16.6572 36.2596 13.7204	-22.1708 -15.4119 22.9943
18.6163 38.2192 13.7268	-22.8626 -13.6578 25.0969
16.6567 40.1781 13.7329	-23.7553 -13.9274 27.4677
18.6162 42.1359 13.7331	-24.4752 -12.4555 26.9895
16.6574 44.0953 13.7269	-24.8028 -13.7965 24.3757
18.6173 46.0548 13.7211	-24.7555 -13.3921 21.6955
20.5766 36.2592 13.7143	-22.2247 -13.8363 19.5748
22.538 38.2184 13.7144	-24.3844 -13.6727 19.6684
20.5763 40.1772 13.7271	-24.646 -12.6265 24.6753
22.5377 42.1347 13.7212	-26.4908 -12.8233 21.646
20.5767 44.0939 13.721	-25.9651 -12.7383 21.0525
22.5383 46.0533 13.7082	-26.1026 -13.5512 15.4785
12.739 38.2192 15.6953	12.5919 6.77303 -30.5379
14.6984 36.2577 15.6952	10.1733 7.34727 -32.3291
12.7392 42.1417 15.698	13.5298 4.01986 -30.7277
14.6986 40.1784 15.6998	12.5296 4.97246 -31.7803
12.7397 46.061 15.6932	12.0248 6.43215 -30.8365
14.6992 44.1006 15.6976	11.7932 4.82415 -31.8932
16.6593 38.2158 15.6998	9.27765 7.20272 -33.1127
18.6204 36.2547 15.6978	6.98701 7.95771 -34.2694
16.6594 42.1386 15.7019	10.724 4.61586 -33.6225
18.6203 40.1756 15.7018	9.87714 5.9041 -34.6008
16.6603 46.0584 15.6976	9.16953 7.18575 -32.3465
18.621 44.0981 15.6995	9.33206 5.6014 -34.0781
20.5807 38.2133 15.6973	9.70846 7.17873 -34.3131
22.5394 36.2526 15.6926	10.1833 6.83163 -33.6655
20.5807 42.1363 15.6993	11.4956 4.44211 -34.6567
22.5395 40.1737 15.6971	13.209 4.86153 -33.5882
20.5818 46.0562 15.6945	10.432 7.26028 -33.0045
22.5402 44.0962 15.6943	13.4057 4.67098 -33.0816
12.7454 36.2618 17.6406	22.1553 19.7695 0.532511
14.7058 38.2222 17.641	25.4211 22.7568 0.528501
12.7457 40.1821 17.6405	22.5734 20.8367 -0.961421
14.7059 42.1414 17.6407	26.5085 15.7219 -0.31796
12.7451 44.1009 17.6404	23.2503 12.3967 -1.13585
14.7053 46.0617 17.6406	26.9403 13.8663 -0.161212
16.6646 36.2611 17.6411	23.2975 19.5444 1.61052
18.6232 38.2218 17.6413	19.0278 22.5946 1.39174
16.6649 40.1819 17.6411	24.4665 20.7669 0.737258
18.6235 42.1414 17.6413	19.981 14.9122 0.915809
16.665 44.1014 17.641	25.3944 11.9676 0.342553
18.6238 46.0625 17.6412	20.7421 12.9725 0.631643
20.582 36.2602 17.6411	15.3361 18.9321 1.28312
22.542 38.2211 17.6412	17.5752 21.3744 0.907523
20.5825 40.1817 17.6413	16.3467 19.9661 1.24218
22.5428 42.1414 17.6414	18.3498 13.9002 1.0581
20.583 44.1017 17.6415	17.1963 10.9121 0.923412
22.5432 46.0627 17.6416	19.4288 12.5356 0.622974
12.7428 38.219 19.584	7.57719 7.3797 32.7736
14.7022 36.2608 19.5839	7.35543 8.54684 31.6501
12.7426 42.1411 19.5814	6.55737 4.7371 34.0127
14.7024 40.1816 19.5791	5.56684 6.22628 33.1984
12.7409 46.0603 19.5869	6.95249 7.67967 33.1234
14.7017 44.1033 19.5817	5.52803 6.12242 33.4292
16.663 38.222 19.5791	4.28149 8.00771 32.3545
18.6237 36.2632 19.5813	4.36053 8.59566 31.9212
16.663 42.1443 19.5769	3.30622 5.27298 33.9083
18.624 40.1842 19.5769	2.9223 6.07188 33.4385
16.6619 46.064 19.5816	3.36373 7.74834 32.3338
18.6236 44.1061 19.5792	2.4652 5.40312 33.3702
20.5838 38.2242 19.5816	5.04511 8.03413 32.2225
22.5422 36.2647 19.5867	8.10175 9.28401 31.5323
20.584 42.1467 19.5792	3.82627 4.71519 33.1503
22.5427 40.186 19.5815	6.65676 6.20293 31.7421
20.5831 46.0666 19.5841	3.74992 6.9187 31.72
22.5423 44.1081 19.5841	6.12157 5.36959 31.6431
12.737 36.2598 21.5723	-14.1789 -15.599 -17.1752
14.6973 38.2213 21.5593	-13.4952 -15.6642 -22.6653
12.7365 40.1796 21.5592	-14.0108 -15.2364 -22.9028
14.6969 42.1389 21.553	-12.8153 -14.9415 -25.0713
12.7362 44.0977 21.5656	-12.4072 -15.2049 -19.6744
14.6965 46.0592 21.5656	-12.2415 -15.6109 -19.6319
16.6574 36.2616 21.559	-13.1552 -16.745 -22.3986
18.6159 38.2225 21.5528	-12.4406 -16.996 -24.4458
16.6566 40.1808 21.5469	-12.6439 -15.976 -27.4051
18.6153 42.1398 21.5468	-12.2151 -16.44 -26.9495
16.6558 44.0986 21.5529	-11.6763 -16.2271 -24.5838
18.6143 46.0596 21.559	-12.2845 -17.2552 -21.421
20.5763 36.2635 21.5655	-13.2942 -16.6315 -18.721
22.5369 38.2247 21.5654	-13.8682 -15.1119 -18.8414
20.5754 40.1823 21.5528	-13.4047 -16.0216 -24.2243
22.5361 42.1414 21.5588	-14.1354 -14.7321 -21.4084
20.5743 44.0996 21.5591	-12.8538 -16.3339 -21.0741
22.5348 46.0607 21.572	-13.9604 -15.1907 -15.2645
24.4999 0.974205 13.7083	-25.063 -13.8537 16.476
26.4601 2.93519 13.7212	-23.6848 -13.2954 22.512
24.4992 4.89417 13.7216	-23.2806 -13.2069 22.0905
26.4595 6.85355 13.7275	-20.9207 -12.5066 24.7353
24.4992 8.81286 13.715	-19.1745 -13.4327 19.0668
26.4589 10.7743 13.7149	-15.8402 -13.8898 19.7844
28.4205 0.975549 13.7211	-24.1815 -13.2962 22.7169
30.3785 2.93675 13.7274	-22.4892 -13.2529 25.1205
28.419 4.89532 13.7335	-21.7296 -12.3918 27.6374
30.3774 6.855 13.7334	-19.8178 -13.0244 27.4882
28.4183 8.81385 13.7274	-17.6807 -13.0463 24.9794
30.3762 10.7753 13.7213	-14.8386 -14.7221 22.5211
32.3392 0.977566 13.7144	-23.8311 -14.0859 19.5528
34.299 2.93951 13.7143	-23.2936 -13.8344 19.924
32.3373 4.89711 13.7271	-22.0327 -13.7572 25.028
34.2976 6.85722 13.7208	-21.2551 -14.1937 22.3199
32.3363 8.81531 13.7208	-18.0785 -14.9216 22.042
34.2962 10.7771 13.7078	-15.8442 -15.7576 16.582
24.5002 2.93348 15.6942	14.5643 7.28068 -31.6011
26.4594 0.973856 15.6941	12.995 8.31033 -31.4079
24.5015 6.85589 15.6973	12.8699 4.28209 -32.7165
26.4605 4.8946 15.6992	12.9691 5.99596 -32.6377
24.502 10.7748 15.6923	10.3308 6.44947 -32.2827
26.4619 8.81616 15.6972	10.4998 5.62565 -33.0868
28.4207 2.934 15.6992	11.0066 7.96027 -32.7388
30.3813 0.974942 15.6974	9.54805 7.6677 -32.9457
28.4223 6.85629 15.7019	9.71504 5.32143 -34.379
30.3826 4.89563 15.7021	9.73694 5.71509 -34.7226
28.4232 10.7755 15.6976	7.15657 7.7474 -33.3361
30.3844 8.81721 15.7002	7.22775 5.35455 -34.9882
32.3422 2.93551 15.6976	10.9858 6.326 -33.8051
34.3003 0.97691 15.6929	12.6465 6.25591 -33.0816
32.344 6.85788 15.7005	9.36292 3.64887 -35.2171
34.302 4.89781 15.6983	12.411 4.27056 -33.6497
32.3451 10.7772 15.6957	6.95766 6.40273 -34.233
34.3038 8.81959 15.696	9.93305 4.16632 -33.7852
24.5038 0.983764 17.6414	23.9674 16.9744 0.199924
26.4643 2.9442 17.6411	26.683 19.8574 -0.0401058
24.5043 4.90422 17.6409	23.6334 17.8515 0.749758
26.465 6.86296 17.6409	26.6631 13.1684 0.835031
24.5041 8.82243 17.6406	23.7126 9.8829 1.31069
26.465 10.7823 17.6404	26.6085 12.295 1.39154
28.423 0.982992 17.6412	24.9315 16.9398 -0.597701
30.3822 2.9432 17.6408	19.8505 20.813 -0.960912
28.424 4.90342 17.6409	24.8408 18.5053 -0.168697
30.3834 6.86198 17.6407	19.2805 13.8809 -0.335241
28.4249 8.82205 17.6407	24.5947 10.5617 0.752085
30.3844 10.782 17.6403	19.2831 13.1341 0.778033
32.3409 0.981514 17.6407	16.6894 17.5389 -0.97282
34.3018 2.94151 17.6402	17.893 21.3132 -1.28136
32.3423 4.90223 17.6405	16.037 19.4831 -1.1687
34.3034 6.86088 17.6402	17.0283 14.8304 -1.36837
32.3436 8.82123 17.6404	15.5992 11.4476 -0.421577
34.3044 10.7813 17.6399	17.4531 14.4805 -0.507615
24.4996 2.94612 19.5843	8.22853 7.20744 30.1732
26.4593 0.986213 19.5844	6.38479 7.61773 30.8029
24.4985 6.86789 19.5819	10.8242 5.10025 30.9511
26.4586 4.90644 19.5796	8.46941 5.45376 31.3881
24.4979 10.7872 19.5873	11.4316 7.91833 30.1304
26.4578 8.82813 19.5822	10.1824 5.88274 31.1229
28.4196 2.94499 19.5795	4.99829 6.7895 32.3883
30.3808 0.984292 19.5816	3.25522 7.82407 33.6133
28.4188 6.86692 19.5774	7.45552 4.74591 33.0429
30.3803 4.90469 19.5771	5.38901 5.4857 34.592
28.4187 10.7867 19.582	7.67166 7.49471 30.3302
30.3798 8.82657 19.5796	6.63565 5.68236 33.2497
32.3409 2.94261 19.5816	5.21571 7.22559 35.1156
34.3 0.981037 19.5865	6.54992 7.61054 34.9207
32.3403 6.8647 19.5793	7.43793 4.67519 35.3699
34.2997 4.90165 19.5812	8.56394 4.99156 35.612
32.3404 10.7846 19.5844	7.69067 7.59276 31.9346
34.2993 8.82365 19.5842	9.91828 5.14718 34.3517
24.4966 0.982127 21.5721	-15.5913 -14.6802 -15.9474
26.4576 2.94221 21.5593	-17.1829 -15.2185 -22.0324
24.4969 4.90125 21.5591	-19.8231 -13.9706 -21.7696
26.4573 6.85958 21.5528	-20.13 -14.5316 -24.4036
24.4972 8.8196 21.5656	-22.2023 -13.9035 -18.3973
26.4579 10.7802 21.5657	-23.099 -15.5115 -18.5462
28.4171 0.982109 21.559	-14.3678 -15.8573 -22.441
30.3763 2.94227 21.553	-15.5954 -14.55 -25.2845
28.4171 4.9009 21.5469	-17.7211 -15.2339 -27.5357
30.3755 6.85946 21.5469	-18.4457 -14.5437 -27.5046
28.4164 8.81881 21.553	-20.6605 -15.9193 -24.2944
30.3751 10.7795 21.5593	-22.0659 -16.1565 -21.2871
32.3363 0.982462 21.5656	-14.2082 -13.1855 -19.9237
34.2974 2.94231 21.5658	-16.4319 -12.6096 -20.5794
32.3358 4.90113 21.553	-17.4933 -12.9728 -25.5157
34.2961 6.85933 21.5591	-19.1633 -12.9223 -22.8216
32.3346 8.81878 21.5594	-20.4133 -14.1582 -21.6568
34.2951 10.779 21.5724	-22.2804 -14.2862 -15.8444
24.4985 12.7361 13.7084	-14.836 -14.2013 16.9461
26.4585 14.6976 13.7211	-13.5764 -13.888 22.8674
24.4988 16.6573 13.7213	-13.9469 -13.5898 22.5808
26.4589 18.6167 13.7274	-12.227 -13.0468 25.2811
24.4987 20.5763 13.7148	-12.1044 -13.8344 19.6499
26.4588 22.5378 13.7148	-11.5127 -14.4281 20.2869
28.4173 12.7366 13.7213	-13.4513 -14.1525 22.9952
30.3755 14.698 13.7273	-12.2408 -14.4337 25.5301
28.4176 16.6578 13.7333	-12.1648 -13.1606 28.0949
30.376 18.6171 13.7334	-11.1848 -13.8298 28.0261
28.4176 20.5769 13.7274	-10.6543 -13.6653 25.5246
30.3759 22.538 13.7213	-10.768 -15.2095 22.879
32.3347 12.7375 13.7147	-13.4675 -15.736 19.7662
34.2951 14.6993 13.7144	-13.7736 -15.6921 20.0249
32.3348 16.6581 13.7271	-12.7553 -15.0658 25.4801
34.2953 18.6175 13.7209	-13.1874 -15.3597 22.6505
32.3349 20.5769 13.721	-11.3783 -15.5528 22.4693
34.2952 22.5381 13.7079	-12.2283 -15.9054 16.8184
24.5017 14.6927 15.695	8.38517 6.3725 -32.4632
26.4618 12.7335 15.6947	8.25034 8.03797 -32.3932
24.5011 18.614 15.6981	7.2823 3.46912 -33.6998
26.4613 16.6535 15.6999	6.60409 5.46296 -33.805
24.4995 22.5329 15.693	7.24757 6.11036 -33.4645
26.4601 20.5744 15.6978	6.37338 5.32127 -34.3912
28.4228 14.6936 15.6997	5.26488 7.96934 -34.172
30.3847 12.735 15.6978	5.20275 8.37352 -34.1369
28.422 18.615 15.7024	4.29173 5.28314 -35.9213
30.3842 16.6552 15.7025	3.5697 6.10357 -36.4568
28.4205 22.5342 15.698	4.17748 7.88058 -34.5161
30.3829 20.5762 15.7004	3.20906 5.8135 -36.5697
32.3451 14.6958 15.698	5.18926 7.18112 -35.2821
34.3041 12.7376 15.6933	7.9864 7.48174 -33.2756
32.3444 18.6174 15.7006	3.99475 4.36799 -36.9262
34.3042 16.6581 15.6985	6.16925 5.18014 -34.9334
32.3428 22.5365 15.6956	4.22831 7.26235 -35.401
34.3029 20.5793 15.6958	6.00155 5.06218 -35.1786
24.5034 12.7422 17.6401	23.7995 16.6873 1.20582
26.4643 14.7021 17.6401	26.4203 20.0942 1.98065
24.5028 16.6606 17.6402	23.3948 17.6991 1.5839
26.4637 18.6193 17.6402	26.3117 13.2853 2.15491
24.502 20.578 17.6401	22.8775 9.82658 1.06338
26.4628 22.5383 17.64	25.4537 12.2236 1.0017
28.4249 12.7427 17.6401	24.5828 17.6306 1.76051
30.3841 14.7027 17.64	19.6513 21.6955 2.3026
28.4241 16.6612 17.6401	24.6186 18.9631 2.75439
30.3832 18.62 17.6402	19.32 14.1402 2.93543
28.4234 20.5788 17.64	24.1647 10.5292 2.14881
30.3825 22.5393 17.64	18.8016 12.5368 1.64513
32.3443 12.7425 17.6399	16.2971 19.0961 0.945253
34.3048 14.7026 17.6397	17.8982 22.7495 1.12194
32.3438 16.6618 17.64	16.2719 20.2201 2.60246
34.3044 18.621 17.6399	17.913 15.191 2.15705
32.3431 20.5798 17.6401	16.0132 11.1892 2.34287
34.3034 22.5405 17.6399	18.2355 13.6132 1.27772
24.498 14.7047 19.5847	12.4038 8.37792 30.397
26.4579 12.7456 19.5848	10.3836 8.55565 29.2688
24.4981 18.6263 19.5819	12.661 6.11382 32.2594
26.4579 16.6651 19.5798	11.8391 6.59375 30.9616
24.4989 22.5452 19.5867	11.1576 8.93731 32.1625
26.4584 20.5864 19.5819	10.5934 6.87679 32.2606
28.4189 14.7043 19.5799	8.98272 7.86963 29.7878
30.3802 12.7445 19.582	7.05851 8.5998 29.7645
28.419 18.6258 19.5774	9.46424 5.76173 32.1983
30.3802 16.6642 19.5775	8.962 6.55428 31.211
28.4198 22.5447 19.5815	7.61286 8.23827 31.9993
30.3807 20.5854 19.5794	7.52069 6.29278 32.467
32.3408 14.7027 19.5821	9.45316 8.12541 30.2053
34.2999 12.7416 19.5871	10.5461 8.20664 30.7222
32.3409 18.6245 19.5795	9.9512 5.31802 31.6866
34.3001 16.662 19.5819	12.5772 5.71464 30.291
32.3416 22.5435 19.584	8.22143 7.639 31.769
34.3005 20.5836 19.5842	11.3995 5.224 31.0692
24.4988 12.7428 21.5724	-24.9721 -14.2734 -15.8622
26.4592 14.7032 21.5594	-25.3832 -15.4404 -21.7176
24.4998 16.6641 21.559	-26.139 -13.7935 -22.165
26.46 18.6228 21.5529	-25.0429 -14.6363 -24.4821
24.5011 20.5839 21.5657	-24.8924 -13.8114 -18.9687
26.4618 22.5444 21.566	-23.1206 -15.473 -19.3365
28.4173 12.7414 21.5593	-24.0436 -16.7634 -21.4054
30.3756 14.7018 21.5532	-24.1376 -15.7559 -23.842
28.4179 16.6623 21.547	-24.5913 -15.773 -26.8924
30.3764 18.6211 21.5471	-24.2808 -15.121 -26.597
28.4193 20.5821 21.5533	-23.9322 -16.0365 -24.3831
30.3783 22.5424 21.5596	-23.1218 -16.0813 -21.6619
32.3345 12.7407 21.5659	-23.6571 -14.8593 -18.1523
34.295 14.7007 21.5657	-24.8309 -14.0757 -18.4041
32.3347 16.6609 21.553	-24.8795 -14.0825 -23.65
34.2954 18.619 21.559	-25.7253 -13.5544 -20.7361
32.3361 20.5802 21.5595	-24.9227 -14.4508 -20.7029
34.2974 22.5399 21.5724	-24.7045 -14.1195 -15.1959
24.499 24.4995 13.708	-13.5086 -14.6769 17.5363
26.4598 26.4607 13.7208	-14.9987 -14.3533 23.4963
24.4995 28.4198 13.721	-17.0154 -13.9779 23.5793
26.4601 30.3788 13.7272	-17.4218 -13.0125 26.2407
24.4993 32.3376 13.7145	-19.2251 -13.8315 20.3918
26.4608 34.2984 13.7143	-20.6243 -13.9366 20.8323
28.4181 24.4999 13.7212	-12.4475 -14.676 23.3455
30.3773 26.4607 13.7273	-13.9823 -14.3898 25.8496
28.4193 28.4204 13.7333	-15.6578 -13.1359 28.7811
30.3785 30.3792 13.7333	-16.8523 -13.0158 28.7587
28.4199 32.3385 13.7271	-18.3042 -13.0333 26.3276
30.3798 34.2991 13.7208	-20.3118 -13.9275 23.5459
32.3354 24.4997 13.7146	-12.7805 -15.6848 20.0091
34.2967 26.4608 13.7142	-15.9539 -14.9348 20.346
32.3372 28.4201 13.7271	-16.6745 -14.1592 25.985
34.2982 30.3792 13.7208	-19.2002 -13.6538 23.2816
32.3385 32.3386 13.7207	-19.3435 -13.9744 23.1703
34.3002 34.2997 13.7074	-21.5972 -13.7504 17.578
24.4988 26.4512 15.6957	7.56254 6.05432 -33.7024
26.4587 24.4921 15.6954	6.14206 7.90914 -33.3209
24.498 30.3735 15.6985	9.52682 2.876 -35.0162
26.4579 28.4124 15.7005	7.46197 5.066 -34.6679
24.4977 34.2935 15.6929	10.1674 5.57482 -33.8981
26.4571 32.3346 15.6981	8.79845 4.51287 -35.1509
28.4193 26.4524 15.7003	4.64073 7.94288 -34.6014
30.3814 24.494 15.6981	3.43861 8.82863 -34.73
28.418 30.3745 15.7029	6.432 4.64833 -36.4119
30.38 28.4142 15.7029	4.92551 6.02628 -36.4866
28.4177 34.2947 15.6983	6.50002 6.71206 -34.9133
30.3787 32.3362 15.7007	5.8037 4.74668 -36.8963
32.3414 26.4548 15.6982	5.19265 7.74043 -35.2622
34.3012 24.497 15.6931	6.55588 8.38408 -33.789
32.3396 30.3767 15.7008	6.93873 4.03561 -36.8546
34.2998 28.4171 15.6985	8.29386 5.56175 -34.7316
32.3389 34.2967 15.6959	7.09218 5.76057 -35.7921
34.2981 32.339 15.6959	9.63994 4.40217 -35.4977
24.5014 24.4981 17.6401	21.8279 16.8508 0.228698
26.462 26.4585 17.6402	24.186 19.903 0.295772
24.5015 28.4176 17.6403	20.6597 18.2723 0.327253
26.4616 30.3768 17.6401	23.8654 13.4545 0.142728
24.5014 32.3369 17.6403	20.6454 10.8566 0.25927
26.4612 34.2978 17.6404	24.1341 12.4571 -0.201237
28.4224 24.4992 17.64	23.1274 17.0413 0.812937
30.381 26.4597 17.6403	18.2502 20.5264 0.51534
28.4211 28.4181 17.6402	22.5102 18.3294 0.217819
30.3796 30.3773 17.6402	17.4444 12.9628 -0.0365577
28.4204 32.3369 17.6401	22.2354 10.1161 -0.190339
30.379 34.2978 17.6404	17.5644 11.5401 -0.403126
32.342 24.5003 17.6401	15.9535 17.8411 0.946928
34.3019 26.4609 17.6403	17.7406 20.8453 0.31361
32.3402 28.4193 17.6404	15.0448 18.4486 0.177999
34.3002 30.3787 17.6404	16.8284 12.9501 -0.164658
32.3388 32.3374 17.6403	14.4609 9.47042 -0.219965
34.2989 34.2983 17.6404	17.3139 11.7481 -0.192992
24.4992 26.4633 19.5841	11.6019 8.97104 32.7674
26.4589 24.5035 19.5841	9.89613 9.38338 32.0331
24.5 30.3856 19.5814	10.9642 6.27242 33.6224
26.459 28.4239 19.5792	10.4147 6.82826 34.0936
24.5006 34.3056 19.5866	9.79857 8.70566 32.2312
26.4598 32.3458 19.5816	9.39361 6.70403 34.152
28.4197 26.4625 19.5792	8.28281 8.18142 33.6693
30.3812 24.5026 19.5815	7.0333 8.83531 32.4848
28.4201 30.3845 19.5768	8.03455 5.45087 35.9459
30.3809 28.4227 19.5769	7.82812 6.16154 35.9037
28.4206 34.3042 19.5815	6.80091 7.76323 34.1373
30.3815 32.3442 19.5791	6.50031 5.4866 36.3464
32.3415 26.4614 19.5816	9.1052 7.78091 33.8551
34.3009 24.5009 19.5866	10.9786 7.89254 31.5742
32.3417 30.3832 19.579	8.46041 4.29723 36.4612
34.3009 28.4212 19.5812	11.3371 4.82177 34.2391
32.3421 34.3025 19.5839	7.21045 6.76738 35.2826
34.3013 32.3425 19.5837	9.85667 3.93324 35.2109
24.502 24.5069 21.5726	-21.9659 -14.3193 -16.8795
26.4622 26.467 21.5598	-20.3544 -15.1238 -22.9096
24.5017 28.4268 21.5595	-20.0765 -13.8338 -22.776
26.4624 30.3849 21.5533	-18.0479 -13.9323 -25.2299
24.5014 32.3442 21.5658	-16.9578 -13.9618 -19.1121
26.4615 34.3044 21.5657	-14.3869 -14.9254 -19.5881
28.4209 24.5052 21.5597	-21.4307 -16.45 -22.5561
30.3795 26.4652 21.5534	-19.8523 -14.9082 -25.2847
28.4215 28.4256 21.5474	-18.5732 -14.732 -28.2142
30.3805 30.3838 21.5473	-17.5825 -13.4825 -28.0489
28.4217 32.3437 21.5533	-15.8157 -14.6197 -25.2805
30.38 34.3038 21.5593	-14.2322 -14.3036 -22.5158
32.3379 24.5031 21.5659	-22.4181 -14.4138 -18.8633
34.2988 26.4626 21.5657	-22.0841 -13.2679 -19.3895
32.3392 28.4238 21.5532	-19.9593 -12.8157 -25.2579
34.3003 30.3814 21.5592	-20.1826 -12.038 -22.3068
32.3401 32.3425 21.5595	-17.2635 -12.5961 -22.1626
34.3003 34.3019 21.5722	-16.1397 -12.2452 -16.4692
24.5001 36.2588 13.7076	-22.9368 -14.3895 17.5334
26.4616 38.219 13.7205	-24.3391 -13.6627 23.4897
24.4999 40.1769 13.721	-25.8493 -13.4363 22.7732
26.4612 42.1353 13.7271	-26.0274 -12.3255 25.3507
24.5 44.0932 13.7146	-26.6514 -13.1663 18.916
26.4613 46.0538 13.7145	-25.6253 -13.3145 19.5859
28.4214 36.2597 13.7207	-22.3826 -13.7066 23.8162
30.3811 38.2199 13.7269	-23.4924 -13.0354 26.2482
28.4216 40.1781 13.733	-24.7036 -12.2596 28.6797
30.381 42.1368 13.7331	-25.2367 -12.1851 28.3544
28.4214 44.0947 13.727	-25.6761 -12.392 25.2952
30.3804 46.0556 13.7209	-24.8939 -13.556 22.466
32.3404 36.2603 13.7141	-22.6141 -13.8763 20.622
34.3019 38.2213 13.714	-24.8485 -12.9906 21.0477
32.341 40.1792 13.7269	-25.2578 -12.7481 26.1973
34.3019 42.1388 13.7208	-26.6116 -12.4717 23.3255
32.3408 44.0965 13.7206	-25.9413 -13.3854 22.5033
34.3012 46.0582 13.7075	-25.2187 -13.6353 16.9001
24.498 38.2121 15.6948	12.1872 6.38672 -32.8648
26.4572 36.2528 15.6952	9.2793 7.35215 -33.2977
24.4982 42.1351 15.6969	14.4967 3.96352 -33.0059
26.4573 40.1736 15.6994	12.1681 5.41169 -33.6827
24.4994 46.055 15.6916	14.1703 6.80214 -31.6285
26.4582 44.096 15.6968	12.9714 5.36026 -33.1323
28.4178 38.2131 15.6999	8.23712 7.24521 -34.4127
30.3788 36.2544 15.6982	6.1478 7.28182 -34.9965
28.4181 42.1358 15.7018	10.4836 4.66821 -35.2258
30.3786 40.1749 15.7023	8.70463 4.99699 -36.218
28.4196 46.0556 15.6971	10.2687 7.27349 -32.8125
30.3797 44.097 15.6999	9.15551 4.40343 -35.4554
32.3388 38.215 15.698	8.66694 5.98061 -35.6458
34.2978 36.2568 15.6932	10.0661 6.67269 -34.63
32.3391 42.1373 15.7002	10.2014 2.72903 -36.5886
34.2977 40.1772 15.6982	11.907 3.74658 -35.5093
32.3408 46.057 15.6953	10.1211 5.26138 -34.2317
34.2987 44.0992 15.6955	12.1507 3.05081 -35.2536
24.5016 36.2594 17.6409	21.5399 17.6322 0.220225
26.4617 38.2203 17.6408	25.0983 19.9001 0.0300756
24.5026 40.1811 17.6411	22.5335 18.5472 0.712634
26.4627 42.1405 17.641	26.3446 13.1575 0.303363
24.5033 44.1015 17.6414	23.6152 10.5369 0.594747
26.4635 46.0621 17.6414	26.8606 12.1564 -0.0894186
28.4202 36.2592 17.6406	22.8902 16.6471 -0.377354
30.3789 38.22 17.6406	18.9286 19.7563 -0.333194
28.4207 40.1802 17.6407	24.2402 17.8234 -0.0968486
30.3795 42.1394 17.6407	19.4633 12.4321 -0.247638
28.4218 44.1003 17.6411	24.8067 9.8291 -0.277221
30.3809 46.0608 17.641	19.6813 11.8014 -0.699886
32.3382 36.2591 17.6405	15.5989 16.5621 -0.272262
34.2985 38.2197 17.6404	18.0236 19.5571 0.0829349
32.3384 40.1796 17.6405	16.2121 17.6098 -0.0687272
34.2991 42.1387 17.6403	17.915 12.3196 0.160176
32.3394 44.0991 17.6406	16.2111 9.36038 -0.269363
34.3001 46.0594 17.6405	18.2204 12.2246 -0.374473
24.5008 38.2247 19.5843	8.52113 8.27258 31.3822
26.46 36.2641 19.5843	8.30591 8.93124 32.3013
24.5012 42.1476 19.5817	7.42621 5.08225 31.5269
26.4603 40.1853 19.5797	7.07838 6.03443 32.5837
24.5003 46.0677 19.5869	7.33283 7.1691 30.6112
26.4601 44.1077 19.582	6.51724 5.56388 32.3392
28.4206 38.2232 19.5797	5.95694 7.71575 33.7398
30.3816 36.2624 19.5816	5.71496 8.38426 34.4588
28.4207 42.1458 19.5774	4.97076 4.86064 34.5754
30.3816 40.1833 19.5773	4.8432 5.94698 35.9166
28.4201 46.0663 19.5818	4.16027 6.94445 32.7747
30.3813 44.1055 19.5795	3.63853 5.37561 35.545
32.342 38.2212 19.5817	6.59106 7.55327 35.5227
34.3013 36.2602 19.5866	9.05136 7.19421 34.3098
32.3419 42.1435 19.5793	5.24752 4.57385 36.7042
34.3012 40.1807 19.5814	7.84827 4.93537 35.4969
32.3412 46.0637 19.584	4.27175 7.07428 35.2185
34.3006 44.1026 19.5839	6.82899 4.75032 35.7592
24.4996 36.2654 21.5721	-13.7934 -14.774 -16.3944
26.4599 38.2256 21.559	-13.173 -15.027 -22.3233
24.4984 40.184 21.5587	-14.203 -14.3764 -21.9249
26.4589 42.1422 21.5524	-12.9662 -14.2324 -24.6665
24.4971 44.1008 21.5651	-13.5357 -14.3526 -18.6314
26.4575 46.0612 21.5652	-13.3148 -15.245 -19.1754
28.4202 36.2653 21.559	-12.8544 -15.3823 -22.6661
30.3788 38.2253 21.5528	-12.0419 -13.6793 -25.3348
28.4193 40.1842 21.5466	-12.1322 -14.4072 -27.7491
30.3781 42.1425 21.5466	-11.561 -13.1721 -27.9696
28.4179 44.1011 21.5525	-11.8731 -14.885 -24.988
30.3766 46.0615 21.5588	-12.3568 -14.6349 -22.5351
32.339 36.2646 21.5656	-13.6271 -12.5841 -19.6135
34.2996 38.2241 21.5655	-14.0395 -11.681 -20.0581
32.3385 40.184 21.5529	-12.802 -11.7468 -25.5634
34.2992 42.1416 21.5589	-13.4564 -11.4003 -22.9063
32.3373 44.1013 21.559	-12.3132 -12.5036 -22.5261
34.2978 46.0612 21.5721	-13.2745 -12.4971 -17.1277
36.2619 0.981114 13.7075	-23.7515 -13.32 17.6621
38.2216 2.94301 13.7204	-22.2366 -13.5318 23.3537
36.2598 4.90037 13.7207	-22.4598 -13.448 22.9383
38.2201 6.86022 13.7268	-19.962 -13.4285 25.3331
36.2586 8.8179 13.7142	-18.4302 -14.4072 19.5898
38.2186 10.7796 13.7143	-15.1689 -15.3643 19.8458
40.1821 0.98395 13.7205	-22.1812 -14.5809 23.4894
42.1401 2.94519 13.7267	-20.1572 -15.1626 25.6295
40.1804 4.90306 13.7328	-20.0659 -14.0865 28.1987
42.1391 6.86244 13.7328	-18.2099 -15.1658 27.7675
40.1792 8.82027 13.7268	-16.7575 -15.2841 25.1334
42.1374 10.7815 13.7208	-14.2771 -17.1075 22.0403
44.1003 0.986011 13.714	-21.5603 -15.1035 19.7238
46.0605 2.94732 13.714	-20.8647 -14.0791 19.8965
44.0992 4.9053 13.7267	-19.6666 -14.7608 25.3025
46.06 6.86473 13.7206	-19.2184 -14.0919 22.1649
44.0984 8.82255 13.7204	-16.8683 -15.8367 21.7561
46.0586 10.7838 13.7077	-15.1108 -15.1809 15.8094
36.2597 2.93805 15.6956	13.3771 6.23247 -32.7323
38.2186 0.979557 15.6957	11.5843 7.23057 -33.2046
36.2616 6.86066 15.6986	11.8539 4.03276 -33.1659
38.22 4.90036 15.7007	11.4567 5.48601 -33.4965
36.2627 10.7803 15.6936	9.68736 6.88921 -32.223
38.2218 8.82248 15.6987	9.39477 5.74896 -33.0409
40.1799 2.94024 15.7007	9.29855 7.13689 -33.875
42.1408 0.981472 15.6985	7.6982 7.97554 -34.0844
40.1815 6.8628 15.7032	8.08606 5.19972 -34.6373
42.1415 4.9022 15.7031	7.93087 6.05178 -35.1962
40.1827 10.7829 15.6989	6.02651 7.74527 -32.2977
42.1431 8.82436 15.7011	5.77718 5.93847 -34.3457
44.1014 2.94216 15.6984	9.11183 8.19066 -34.3199
46.0602 0.983321 15.6933	10.5937 9.60309 -32.9511
44.1024 6.86462 15.701	7.84803 5.52656 -35.076
46.0608 4.90399 15.6986	10.8233 7.0353 -33.9262
44.1034 10.7848 15.6962	6.14796 7.93859 -32.7625
46.0618 8.82602 15.6961	9.10575 6.73103 -33.4369
36.2614 0.979865 17.6401	22.5939 17.6928 -0.709859
38.2224 2.9399 17.6398	24.9891 21.0885 -1.28929
36.2633 4.90059 17.6399	21.7389 19.7542 -1.70178
38.2241 6.8592 17.6397	24.7223 15.3331 -2.18576
36.2646 8.82013 17.6398	21.7127 12.6197 -1.63731
38.2252 10.7802 17.6393	24.8897 14.8847 -1.73392
40.181 0.978876 17.6401	23.5576 17.385 -0.677753
42.1403 2.9389 17.6398	18.354 21.0135 -1.02282
40.1821 4.89895 17.6397	22.99 19.801 -1.86202
42.1412 6.85764 17.6396	17.4664 14.6782 -1.8939
40.1835 8.81853 17.6395	22.7568 12.4135 -2.28549
42.1426 10.779 17.6391	17.7034 14.0888 -1.82306
44.0996 0.978163 17.6399	15.7253 16.9755 -0.287279
46.0604 2.93821 17.6397	16.8096 20.2934 -0.303771
44.1001 4.89796 17.6396	14.5885 19.0988 -1.04446
46.0607 6.85698 17.6397	15.6839 13.6913 -0.72623
44.101 8.81736 17.6395	14.0106 11.2674 -1.35265
46.0612 10.7781 17.6393	16.3875 13.3132 -0.652342
36.2586 2.93864 19.5838	8.10189 6.07401 35.2572
38.2183 0.977054 19.584	6.07879 6.84239 34.9022
36.2583 6.86102 19.5813	10.5541 3.57375 35.7258
38.218 4.89753 19.5791	8.18086 4.18393 36.5048
36.2584 10.7809 19.587	10.9578 6.5771 32.9745
38.2179 8.81973 19.5818	9.77365 4.45451 35.8666
40.179 2.93503 19.5792	4.5081 6.44036 36.2093
42.1406 0.974133 19.5815	2.71428 7.62813 35.4465
40.1786 6.85725 19.5769	7.10517 3.72629 37.8899
42.1401 4.89442 19.5768	4.83063 4.91058 37.9019
40.1789 10.7773 19.5819	7.36652 6.65807 34.9364
42.1398 8.81651 19.5794	6.24838 4.57123 37.5671
44.1009 2.93243 19.5815	4.61134 6.55023 36.1031
46.0603 0.971913 19.5868	6.18536 6.81166 34.0858
44.1002 6.8546 19.5791	6.75551 3.22621 37.8176
46.0597 4.89233 19.5813	7.71753 3.87296 35.6059
44.1003 10.7746 19.5844	7.30638 6.0747 35.6191
46.0591 8.81447 19.5842	9.16419 3.34841 35.8399
36.2594 0.981762 21.5724	-14.4986 -13.4496 -18.1849
38.22 2.94184 21.5597	-15.5172 -14.2442 -24.2948
36.2587 4.9008 21.5593	-17.676 -13.4707 -23.9348
38.2186 6.85915 21.5531	-17.5915 -14.005 -26.5413
36.257 8.81817 21.5656	-20.0135 -14.2262 -20.0123
38.2175 10.7786 21.566	-20.9799 -15.5913 -20.2897
40.1794 0.981237 21.5593	-13.1351 -14.0218 -24.0534
42.1382 2.94163 21.5531	-13.9555 -12.8985 -26.327
40.1791 4.90095 21.5472	-15.5417 -13.4234 -29.4528
42.1374 6.85955 21.5469	-16.2437 -12.6161 -28.9765
40.1776 8.81856 21.5532	-18.1926 -14.3669 -26.2723
42.1366 10.7789 21.5593	-20.0146 -14.2931 -22.9829
44.0973 0.980353 21.5655	-12.9977 -13.2176 -20.0341
46.0582 2.94053 21.5655	-15.3042 -13.7156 -20.3456
44.0975 4.90042 21.553	-15.8789 -12.5646 -26.1202
46.0579 6.85856 21.5589	-17.9965 -13.2997 -23.2164
44.0967 8.81835 21.5592	-18.6427 -13.3197 -22.853
46.0578 10.7781 21.5722	-21.0096 -14.1701 -16.8837
36.257 12.7398 13.7077	-14.177 -15.6089 17.1779
38.2173 14.7013 13.7207	-13.5102 -15.6654 22.6673
36.2565 16.6596 13.7208	-14.0256 -15.2329 22.9051
38.2169 18.6189 13.727	-12.8256 -14.9315 25.0669
36.2562 20.5777 13.7144	-12.4148 -15.1924 19.6691
38.2165 22.5392 13.7144	-12.2301 -15.6083 19.6292
40.1773 12.7416 13.721	-13.1648 -16.744 22.4007
42.1359 14.7025 13.7272	-12.447 -16.9901 24.4455
40.1766 16.6609 13.7331	-12.6541 -15.9714 27.4024
42.1353 18.6198 13.7332	-12.2084 -16.4432 26.9468
40.1758 20.5786 13.7271	-11.6665 -16.2249 24.5815
42.1343 22.5396 13.721	-12.2707 -17.2634 21.4222
44.0963 12.7435 13.7145	-13.2958 -16.6206 18.7228
46.0569 14.7047 13.7146	-13.8626 -15.1088 18.8361
44.0954 16.6623 13.7272	-13.4005 -16.0239 24.2202
46.0561 18.6214 13.7212	-14.1284 -14.7455 21.405
44.0944 20.5796 13.7209	-12.8445 -16.3483 21.074
46.0548 22.5407 13.708	-13.9637 -15.197 15.2689
36.2628 14.699 15.696	7.58243 7.3802 -32.7895
38.2222 12.7408 15.6961	7.35884 8.5441 -31.6626
36.2626 18.6211 15.6986	6.56632 4.73488 -34.0022
38.2224 16.6616 15.7009	5.57877 6.22566 -33.186
36.2609 22.5403 15.6931	6.9513 7.67822 -33.1011
38.2217 20.5832 15.6983	5.5268 6.1247 -33.4098
40.183 14.702 15.7009	4.29255 8.00653 -32.3506
42.1437 12.7432 15.6987	4.36662 8.59608 -31.9248
40.183 18.6243 15.7031	3.31187 5.27692 -33.8896
42.144 16.6642 15.7031	2.93103 6.0751 -33.4299
40.1819 22.544 15.6984	3.34836 7.74785 -32.3343
42.1436 20.5861 15.7008	2.45538 5.40397 -33.3692
44.1038 14.7042 15.6984	5.04762 8.03508 -32.2191
46.0622 12.7447 15.6933	8.09986 9.27991 -31.5313
44.104 18.6267 15.7008	3.82317 4.71908 -33.1491
46.0627 16.666 15.6985	6.65413 6.20704 -31.7346
44.1031 22.5466 15.6959	3.74477 6.92071 -31.7259
46.0623 20.5881 15.6959	6.12025 5.3749 -31.6462
36.2654 12.7418 17.6394	22.1497 19.7715 -0.513377
38.2258 14.7022 17.639	25.4416 22.7546 -0.518875
36.2657 16.6621 17.6395	22.594 20.8304 0.966208
38.2259 18.6214 17.6393	26.5222 15.7042 0.297147
36.2652 20.5809 17.6396	23.2563 12.3819 1.11094
38.2252 22.5417 17.6394	26.9212 13.8627 0.137403
40.1846 12.7411 17.6389	23.3058 19.5392 -1.59814
42.1433 14.7018 17.6387	19.0395 22.5849 -1.39378
40.1849 16.6619 17.6389	24.4778 20.7576 -0.748343
42.1435 18.6214 17.6387	19.9764 14.919 -0.927961
40.185 20.5814 17.639	25.3854 11.9631 -0.362711
42.1438 22.5425 17.6388	20.7301 12.9904 -0.62895
44.102 12.7402 17.6389	15.3439 18.9228 -1.28277
46.062 14.7011 17.6388	17.5775 21.384 -0.910037
44.1025 16.6618 17.6387	16.3492 19.9742 -1.24703
46.0627 18.6214 17.6386	18.3417 13.9142 -1.05592
44.103 20.5818 17.6385	17.1894 10.9336 -0.92069
46.0632 22.5427 17.6385	19.4236 12.5316 -0.613741
36.259 14.6992 19.5847	12.5937 6.76815 30.5309
38.2184 12.7377 19.5848	10.1747 7.34013 32.3174
36.2592 18.6217 19.582	13.5295 4.00829 30.7352
38.2186 16.6584 19.5802	12.536 4.96212 31.7803
36.2597 22.541 19.5868	12.0263 6.43263 30.855
38.2192 20.5806 19.5824	11.7939 4.82606 31.9127
40.1793 14.6958 19.5802	9.28623 7.19348 33.1104
42.1404 12.7347 19.5822	6.99098 7.95254 34.268
40.1795 18.6186 19.5781	10.7312 4.6186 33.6342
42.1403 16.6556 19.5782	9.88837 5.90704 34.6096
40.1803 22.5384 19.5824	9.16218 7.19424 32.3597
42.141 20.5781 19.5805	9.32686 5.60885 34.085
44.1007 14.6933 19.5827	9.71301 7.18065 34.3162
46.0594 12.7326 19.5874	10.1823 6.82871 33.6674
44.1007 18.6163 19.5807	11.4959 4.44949 34.6591
46.0595 16.6537 19.5829	13.2083 4.86761 33.5837
44.1018 22.5362 19.5855	10.4261 7.26293 32.9936
46.0601 20.5762 19.5857	13.4017 4.67539 33.0742
36.2566 12.7398 21.5725	-23.4981 -15.1114 -16.5078
38.2172 14.6996 21.5596	-23.9166 -15.4214 -22.4024
36.2562 16.6591 21.5591	-25.2116 -14.3465 -21.5477
38.2171 18.6168 21.553	-24.8656 -14.1304 -24.2431
36.2574 20.5773 21.5656	-25.495 -14.1341 -18.1618
38.2189 22.5366 21.5657	-24.5989 -14.8894 -19.1346
40.1772 12.7396 21.5596	-22.1782 -15.404 -22.9927
42.1363 14.6992 21.5532	-22.8715 -13.649 -25.0985
40.1766 16.6581 21.5471	-23.7649 -13.9198 -27.47
42.1362 18.6159 21.5469	-24.4723 -12.465 -26.9927
40.1774 20.5753 21.5531	-24.7973 -13.8004 -24.3808
42.1373 22.5348 21.5589	-24.7436 -13.4043 -21.6953
44.0966 12.7392 21.5657	-22.2289 -13.8239 -19.5771
46.058 14.6985 21.5656	-24.3811 -13.6698 -19.6656
44.0963 16.6572 21.5529	-24.646 -12.6322 -24.675
46.0577 18.6146 21.5588	-26.4831 -12.8392 -21.6428
44.0967 20.5739 21.559	-25.9549 -12.7562 -21.0513
46.0583 22.5333 21.5718	-26.1006 -13.556 -15.4773
36.2568 24.5004 13.7076	-14.0085 -15.2343 17.3085
38.2179 26.4617 13.7204	-16.1981 -14.8069 22.8651
36.2585 28.4208 13.7206	-18.347 -13.8187 23.3588
38.2194 30.3802 13.7268	-19.0884 -12.952 25.7475
36.2602 32.3394 13.7141	-20.4147 -12.8709 20.4581
38.2216 34.3011 13.7139	-21.6146 -13.1611 20.8425
40.176 24.5009 13.7207	-13.7095 -16.4272 22.1592
42.1353 26.4616 13.7267	-15.9212 -16.1076 24.4384
40.1776 28.4212 13.7327	-17.4831 -14.6309 27.8315
42.1365 30.3802 13.7328	-18.9575 -14.8785 27.5145
40.1791 32.3402 13.7267	-19.9645 -14.1076 25.5474
42.1385 34.3013 13.7205	-21.8433 -15.4427 22.4593
44.0939 24.5013 13.7143	-14.7362 -16.1443 18.2982
46.0552 26.4622 13.7142	-17.8896 -14.3815 18.6029
44.095 28.4211 13.7267	-18.8628 -14.8454 24.3836
46.0558 30.3801 13.7208	-21.1874 -13.7504 21.4785
44.0961 32.34 13.7204	-21.4017 -14.9415 21.4774
46.0572 34.3012 13.7075	-23.5501 -14.1931 15.4036
36.2595 26.4584 15.6956	7.90807 7.97644 -32.9303
38.2201 24.501 15.6956	5.85086 8.97208 -32.1024
36.2578 30.3803 15.6983	10.338 4.84743 -34.286
38.2186 28.4209 15.7004	8.02022 6.48942 -33.6098
36.2567 34.2999 15.6931	10.8757 6.74508 -34.2839
38.217 32.3426 15.6979	9.83431 5.99064 -34.7061
40.1805 26.462 15.7004	4.46348 8.04789 -32.7368
42.1425 24.5042 15.6983	2.75494 8.17913 -31.7536
40.1787 30.3836 15.7026	7.18471 5.3925 -35.0294
42.141 28.424 15.7027	5.02406 5.9936 -34.0221
40.1778 34.3032 15.698	7.50836 7.43102 -34.4898
42.1395 32.3455 15.7002	6.63629 5.59197 -34.9633
44.1021 26.4649 15.6981	4.91427 7.43805 -31.9086
46.0614 24.5063 15.6932	6.44529 7.99186 -30.4018
44.1005 30.3864 15.7003	7.41523 4.84468 -33.7817
46.0604 28.4264 15.6983	8.53129 5.82344 -31.3372
44.0997 34.3057 15.6953	7.88934 7.41095 -33.1138
46.0591 32.3478 15.6954	10.284 5.84059 -31.9271
36.2639 24.5016 17.6399	23.15 18.2271 0.35944
38.2239 26.4624 17.6401	26.5238 20.6403 -0.328847
36.2624 28.4208 17.6404	22.5213 18.4909 -0.241293
38.2224 30.3802 17.6403	26.4988 13.3345 -0.642637
36.2607 32.3388 17.6403	22.4582 10.1812 -0.334592
38.2208 34.2995 17.6404	26.3734 11.9809 -0.185244
40.1843 24.5031 17.6394	25.5129 17.819 -0.453831
42.1429 26.464 17.6396	21.0081 20.476 -0.76211
40.1828 28.4224 17.6401	25.5398 18.338 -0.833508
42.1415 30.3817 17.64	20.7565 12.5079 -0.960236
40.1815 32.3402 17.6402	25.3202 9.77449 -0.611381
42.1405 34.3008 17.6403	20.5737 11.1868 -0.352899
44.1031 24.504 17.6388	18.0149 17.4346 -0.630654
46.0633 26.4646 17.639	19.5038 20.0541 -0.572929
44.1023 28.4238 17.6395	17.7761 17.9256 -0.981329
46.0629 30.383 17.6394	19.078 12.4187 -1.21184
44.1013 32.3416 17.6399	17.4976 9.01074 -0.927256
46.0621 34.3019 17.6398	19.3939 11.4596 -0.910202
36.2598 26.459 19.5841	12.3848 6.2085 32.2717
38.2195 24.4982 19.5845	11.0629 7.25432 31.6335
36.2601 30.3811 19.5812	11.4791 2.77278 34.2691
38.2196 28.4186 19.5795	11.1514 4.25619 33.7709
36.2603 34.3 19.5865	10.1258 5.15162 33.8667
38.2202 32.3399 19.5816	9.33616 3.51402 34.4879
40.1804 26.4566 19.58	9.57852 7.24387 33.3255
42.1417 24.4961 19.5826	8.87755 8.6999 32.817
40.1809 30.3786 19.5773	8.2983 3.97278 35.2633
42.1419 28.4166 19.5778	8.95689 6.09596 35.0397
40.1814 34.2976 19.5817	6.15236 5.98323 33.8439
42.1429 32.3378 19.5797	6.31449 5.00077 35.1764
44.1023 26.4548 19.583	11.0657 8.00333 33.5352
46.0611 24.4941 19.5883	13.3348 8.00231 31.8657
44.1031 30.3769 19.58	9.25131 4.57845 35.0918
46.0619 28.415 19.5827	13.112 5.47142 33.135
44.1038 34.2957 19.5846	6.71316 6.53065 33.8082
46.063 32.3363 19.5848	10.2769 4.52923 33.5503
36.2593 24.4998 21.5722	-23.6477 -14.4657 -16.392
38.2201 26.459 21.5591	-22.4191 -14.3856 -22.6816
36.2606 28.4204 21.559	-21.7006 -13.2003 -22.5857
38.2214 30.3777 21.5528	-20.1575 -12.6988 -25.1872
36.2617 32.3391 21.5655	-18.6063 -12.4722 -19.5174
38.2216 34.2985 21.5655	-16.218 -13.312 -20.0849
40.1788 24.4969 21.5589	-23.5383 -14.3302 -22.5182
42.1378 26.4565 21.5523	-22.2861 -12.5902 -24.9093
40.1797 28.4173 21.5465	-21.0032 -12.698 -27.8425
42.1388 30.3754 21.5463	-19.8605 -11.476 -27.4043
40.1806 32.3362 21.5527	-18.0036 -12.4675 -25.1977
42.1387 34.2962 21.5586	-15.8966 -12.5217 -22.3209
44.0972 24.4949 21.5649	-24.4139 -13.0184 -18.7362
46.0579 26.4548 21.5647	-24.0962 -13.123 -18.9986
44.0975 28.4151 21.5521	-22.2394 -11.9407 -24.5274
46.0582 30.3734 21.5583	-21.7503 -12.6385 -21.6335
44.098 32.3341 21.5586	-18.8057 -12.3241 -21.6083
46.058 34.2943 21.5715	-16.7832 -13.6153 -16.0768
36.2627 36.2619 13.7072	-23.4316 -12.9396 18.381
38.2237 38.2235 13.7202	-24.6174 -12.755 24.2975
36.2634 40.1817 13.7206	-26.0443 -12.0617 24.1439
38.2239 42.1417 13.7269	-25.4223 -11.5591 26.5113
36.2633 44.0996 13.7141	-25.8939 -12.0961 20.4538
38.2236 46.0617 13.714	-24.1174 -12.9281 20.7897
40.1817 36.2631 13.7204	-23.1246 -14.3451 23.7288
42.1405 38.2241 13.7267	-23.924 -14.5455 25.9973
40.1828 40.1836 13.7329	-24.3909 -12.963 29.2715
42.1413 42.1433 13.733	-24.2348 -13.8334 28.6774
40.1831 44.1022 13.7268	-24.2144 -13.2756 26.1911
42.1415 46.0638 13.7206	-22.9169 -15.2813 23.0034
44.0983 36.2632 13.714	-24.0026 -14.8087 19.2034
46.0589 38.2244 13.7142	-25.7346 -13.6706 19.3337
44.0995 40.1843 13.727	-25.1296 -13.9308 25.61
46.0598 42.1441 13.7209	-25.9016 -13.4178 22.2735
44.1005 44.1038 13.7205	-24.5084 -14.5538 22.3583
46.0609 46.0653 13.7074	-23.6083 -14.1849 16.256
36.2565 38.2179 15.6956	11.8851 6.2358 -34.5228
38.2165 36.2602 15.6955	9.98063 7.81514 -34.238
36.2568 42.1401 15.6982	13.039 3.15012 -35.3843
38.2162 40.1801 15.7004	11.5608 4.87525 -35.6716
36.2583 46.0596 15.693	12.9389 5.61783 -33.82
38.2173 44.1019 15.6981	11.5054 4.5948 -35.6016
40.1775 38.2208 15.7003	8.62475 6.9971 -35.3137
42.1392 36.2629 15.6979	6.94313 8.05057 -34.1224
40.1775 42.1425 15.7027	9.49269 4.25092 -36.9976
42.1387 40.1825 15.7026	8.6105 5.54826 -36.5395
40.179 46.0619 15.6984	8.65459 6.6399 -34.766
42.1395 44.1038 15.7005	7.70109 5.19882 -36.5719
44.0996 38.2233 15.6978	9.19812 7.90182 -34.0507
46.059 36.2651 15.6927	10.7231 8.92742 -31.2329
44.0995 42.1447 15.7004	9.51956 5.12165 -36.0448
46.0588 40.1847 15.698	12.062 6.72519 -33.1131
44.1007 46.0638 15.6958	8.22917 7.7273 -34.5353
46.0594 44.1059 15.6957	10.7907 6.62664 -33.9016
36.2595 36.2594 17.6404	22.7931 16.5618 0.102317
38.22 38.2199 17.6403	26.3672 19.3508 0.279451
36.2597 40.1792 17.6401	22.899 17.4235 0.31932
38.2203 42.1381 17.64	26.5052 12.7457 0.201339
36.2603 44.0982 17.6402	22.9272 9.99157 0.0896077
38.221 46.0583 17.6402	25.8692 12.4312 -0.237811
40.1802 36.2606 17.6405	25.132 16.3555 0.0486824
42.1394 38.2209 17.6404	20.7795 19.5354 -0.0220264
40.1796 40.1793 17.6402	25.3084 17.5921 0.156909
42.1389 42.138 17.6401	20.1161 12.1345 -0.0906502
40.18 44.0975 17.6402	24.5799 9.7209 -0.0685697
42.1395 46.0577 17.6402	18.9973 11.5439 -0.231347
44.1003 36.2616 17.6403	17.8986 16.2947 -0.328246
46.0612 38.2215 17.64	19.3989 19.5115 -0.77641
44.0994 40.1799 17.6401	17.4694 17.3602 -0.413621
46.0605 42.1386 17.6398	18.511 12.0856 -0.838097
44.0992 44.0974 17.64	16.3316 8.85847 -0.23785
46.0602 46.0575 17.6399	17.8377 11.5871 -0.198611
36.2601 38.2183 19.5842	9.05371 5.6962 33.9718
38.22 36.2573 19.5843	8.00946 6.12633 33.3168
36.2599 42.1403 19.5814	8.05398 3.30777 35.1426
38.2197 40.1774 19.5795	7.02049 4.03826 34.6802
36.2589 46.06 19.5865	7.47932 6.18714 34.8468
38.219 44.099 19.5816	6.53851 4.2595 35.4171
40.1809 38.2155 19.5797	5.06261 6.36405 34.0905
42.1428 36.2552 19.582	4.65781 7.63572 33.5717
40.1804 42.137 19.5771	4.33261 3.88137 36.0717
42.1423 40.175 19.5773	3.52211 5.31795 35.6444
40.1795 46.0567 19.5815	3.72901 6.48168 35.2611
42.1414 44.0961 19.5793	2.82482 4.80058 36.3297
44.1034 38.2137 19.5822	5.29375 6.92587 34.1053
46.0629 36.2536 19.5874	8.34961 7.1138 32.6517
44.1027 42.1348 19.5793	4.00574 3.72814 35.9289
46.0626 40.1734 19.5819	6.65131 4.36999 33.8224
44.1015 46.0541 19.5841	3.71816 6.23864 35.2371
46.0614 44.0942 19.5842	6.1076 3.84097 34.613
36.2612 36.2619 21.5721	-14.9189 -12.7802 -17.2965
38.2213 38.2213 21.5592	-13.9596 -13.1189 -23.1826
36.2609 40.182 21.559	-14.1186 -12.1447 -23.2082
38.2211 42.1396 21.553	-12.5744 -12.2376 -25.8627
36.26 44.0998 21.5655	-12.8014 -12.4001 -20.3012
38.2202 46.0599 21.5657	-12.3995 -13.7635 -21.0018
40.1802 36.2591 21.5588	-14.3524 -13.1066 -23.0213
42.1385 38.2193 21.5526	-12.9466 -11.8206 -25.2655
40.1804 40.18 21.5469	-12.4872 -11.9353 -28.2995
42.1388 42.1385 21.5468	-11.4782 -11.2207 -28.0751
40.1798 44.0987 21.553	-11.2403 -12.5869 -26.0331
42.138 46.0593 21.559	-11.4377 -13.0257 -23.1587
44.0974 36.2571 21.5649	-14.5373 -12.6158 -19.2687
46.0577 38.2176 21.5651	-14.2951 -13.168 -19.4935
44.0978 40.1783 21.5526	-13.1005 -11.6787 -25.0562
46.0581 42.1368 21.5587	-13.2167 -12.8061 -22.229
44.0976 44.0975 21.559	-11.769 -12.4744 -22.3086
46.0577 46.0579 21.5719	-12.3384 -13.9423 -16.6642