0.972879 0.964742 13.7048	-13.3247 -1.23053 -13.8706
2.93907 2.92115 13.7229	-24.1815 -4.88706 -4.36867
0.99011 4.8811 13.7193	-6.68359 7.9804 0.583827
2.95428 6.83526 13.7292	0.929849 10.6958 -1.5893
1.00006 8.80466 13.7117	1.5879 18.851 -4.57438
2.96283 10.7697 13.713	0.498285 13.3905 -6.11503
4.8928 0.953826 13.7187	-26.8169 -6.40351 -9.82846
6.85407 2.91264 13.7311	-21.0482 -0.107388 -4.15507
4.9023 4.87717 13.738	-17.5775 4.21598 -0.358634
6.86041 6.83913 13.7367	-10.2756 5.56942 4.63255
4.91241 8.80091 13.7305	3.80941 11.0285 -1.04057
6.8689 10.7721 13.7216	2.43344 1.66889 -7.14765
8.81939 0.959688 13.7084	-24.9196 -2.30813 -15.2817
10.778 2.92358 13.7108	-19.3544 -5.85254 -13.1759
8.81372 4.87751 13.7316	-14.8707 -8.42842 -1.11929
10.7719 6.84257 13.7223	-13.7026 -13.2542 -6.52665
8.81518 8.80129 13.7204	-5.0461 -4.12362 -5.96236
10.7739 10.7652 13.7026	4.04949 -4.49627 -17.1121
0.981504 2.94638 15.6893	14.4816 -14.2014 6.52436
2.93887 0.982147 15.6896	14.9737 -5.98666 2.48556
0.976879 6.87014 15.6947	-14.6536 -20.5253 1.42377
2.94375 4.90548 15.6963	7.14745 -15.17 2.84489
0.978736 10.7875 15.6885	-11.8907 -13.2418 -7.62298
2.94007 8.8299 15.6942	-11.6403 -27.7636 -5.98936
4.90268 2.9378 15.6967	15.8901 1.40712 -3.61725
6.84999 0.968533 15.6958	13.2885 3.75134 -2.17533
4.90719 6.86735 15.6992	-2.55407 -16.9929 1.75863
6.86587 4.89567 15.697	6.01244 -3.63142 -2.90904
4.90522 10.7885 15.6938	-14.9193 -28.7486 -9.25727
6.86785 8.82623 15.6957	-18.0316 -26.3822 10.2661
8.815 2.92363 15.6957	12.963 1.47363 2.59204
10.7654 0.965638 15.6895	14.7535 -3.18004 11.4435
8.82449 6.85817 15.6947	-8.31516 -9.08624 15.4864
10.7753 4.88731 15.6961	11.0666 -3.89882 9.3317
8.82366 10.784 15.6862	-27.2182 -9.69454 15.9816
10.7794 8.82244 15.688	-9.37374 -7.83946 17.4089
0.977743 0.998251 17.6389	8.15125 1.88192 -1.58505
2.93683 2.95948 17.6384	21.9911 4.40248 -5.57569
0.972483 4.9167 17.6365	14.703 -10.473 -2.6198
2.9327 6.8775 17.6343	29.2231 -19.8439 -6.53389
0.973465 8.83361 17.6375	28.2727 -45.3423 16.7299
2.93646 10.791 17.6357	28.3916 -24.837 25.3615
4.89258 0.99935 17.6408	14.5354 -0.358732 8.67038
6.85243 2.95742 17.6439	0.765919 15.6902 4.98455
4.89758 4.9216 17.6402	27.4399 6.93321 -12.8319
6.85989 6.87948 17.6387	9.66016 -5.40184 -24.4238
4.89675 8.83217 17.6335	23.4799 -37.1031 -6.19835
6.86089 10.7883 17.6334	0.414797 -17.045 -9.33309
8.80492 0.986319 17.6419	-6.98504 6.23462 4.66238
10.7695 2.94302 17.6429	2.2808 13.4986 -11.0121
8.81869 4.91485 17.6423	-9.62766 14.8933 -7.93241
10.7814 6.87128 17.6367	-4.03238 -5.69483 -10.7001
8.82299 8.83426 17.6367	-12.0033 -23.1421 -25.1803
10.7865 10.7899 17.637	-2.30244 0.561332 -15.3346
0.972251 2.94021 19.5908	2.25385 15.3229 -1.64301
2.93738 0.991082 19.5884	10.3164 8.16862 -7.30792
0.971781 6.86644 19.5904	5.88581 3.0825 -14.4785
2.92834 4.90475 19.5832	5.53383 1.68826 7.37894
0.970536 10.7855 19.5994	6.14798 4.96283 -25.6393
2.93073 8.82647 19.5895	10.6624 -0.0112157 -15.7559
4.89696 2.95182 19.5797	9.48432 -2.81841 1.44949
6.8642 0.999816 19.5866	11.3385 -11.3776 -12.4633
4.89271 6.86839 19.5756	12.2044 0.479284 11.5591
6.86144 4.91341 19.5748	6.03421 -6.96822 9.13983
4.8933 10.7801 19.5893	1.95899 4.61047 -14.818
6.86013 8.82605 19.5802	3.24253 -7.79951 6.43833
8.82441 2.95735 19.5837	5.42324 -4.66681 -2.97139
10.7808 0.994183 19.5933	4.62137 -2.07348 -11.0152
8.82853 6.8733 19.5806	-0.405152 -8.60608 11.689
10.785 4.91337 19.5836	2.97942 -0.392386 1.05218
8.8237 10.7839 19.5873	-4.11979 -2.79057 -7.99789
10.7896 8.8302 19.5912	0.855599 -8.2499 3.78356
0.990606 0.968836 21.5801	3.16899 12.979 17.0885
2.94869 2.92765 21.5596	-8.40332 14.3856 10.3262
0.984738 4.89136 21.5592	-7.25113 10.559 7.76591
2.93971 6.85255 21.5526	-4.82717 23.7064 10.8561
0.976781 8.80854 21.5706	-4.74898 18.7324 18.0019
2.93057 10.7736 21.5695	-3.55209 19.5488 21.5842
4.91636 0.975768 21.5562	-12.7943 12.9406 12.8521
6.8681 2.94195 21.5525	-13.2659 21.026 10.8345
4.90016 4.89063 21.538	-3.99042 18.6763 9.5158
6.85481 6.8498 21.5387	-1.48469 17.3736 5.81979
4.89523 8.81036 21.5529	-2.95522 22.7314 11.6239
6.84944 10.7697 21.5577	1.62229 8.4926 18.9793
8.83791 0.986662 21.5672	-12.3907 13.2592 15.2365
10.7947 2.952 21.5663	-11.3338 11.4561 9.30884
8.82223 4.90258 21.5534	-8.93307 22.9494 1.70943
10.7816 6.85991 21.5636	-3.64502 13.1548 2.87179
8.81206 8.81247 21.5588	1.97668 3.49181 14.7053
10.7762 10.7732 21.578	14.5634 -1.39956 27.6316
1.00186 12.7321 13.7024	-7.96097 9.09856 -11.2687
2.95781 14.6984 13.7241	-5.28782 3.00915 -7.08291
0.988484 16.6538 13.7251	-17.7552 -3.11224 -7.10613
2.94773 18.6136 13.7304	-26.6767 -11.4637 -6.67983
0.979951 20.5616 13.7094	-34.9206 -24.5404 -11.7192
2.94116 22.5217 13.7087	-31.1489 -27.07 -21.0328
4.91938 12.7388 13.7209	3.15519 5.43874 -7.87068
6.87287 14.7026 13.73	3.91725 5.35702 -7.53509
4.91125 16.6567 13.7435	-4.97416 -3.25639 -2.82114
6.86596 18.6153 13.74	2.45643 -2.23249 -4.68439
4.9058 20.5713 13.726	-26.3592 -10.7558 -9.25009
6.86388 22.5339 13.7171	-17.0251 -6.89769 -15.4352
8.82654 12.7402 13.7137	4.36384 4.93874 -14.6905
10.7843 14.7061 13.7148	8.52498 6.7852 -11.7504
8.82829 16.6642 13.7271	11.8144 5.95301 -5.56521
10.7873 18.6216 13.7168	-1.15072 5.18841 -10.8499
8.82365 20.5773 13.7201	-4.39426 -2.21224 -16.0674
10.7859 22.5387 13.6993	-7.99994 -5.97398 -21.669
0.976327 14.691 15.6932	-2.16605 -0.229883 -2.72836
2.93986 12.7409 15.6928	-4.9041 -13.0299 -4.71887
0.977639 18.6157 15.6943	21.6008 -0.784247 1.75187
2.9374 16.6537 15.6988	1.40131 0.248992 -8.54488
0.98244 22.5336 15.6847	12.9009 4.53248 13.8055
2.94235 20.5806 15.6951	17.0962 0.064202 11.458
4.89977 14.6998 15.7012	-4.66639 -14.3633 -6.38333
6.86542 12.7452 15.6945	-20.3426 -16.044 2.77312
4.90165 18.6231 15.7018	0.457197 -2.89599 0.0970595
6.861 16.666 15.7018	-12.1415 -3.00476 -5.95633
4.90839 22.5412 15.6942	9.86482 7.31964 18.7579
6.8669 20.5873 15.6976	1.28148 -8.32828 6.04474
8.82229 14.7068 15.6918	-18.7659 -11.392 5.89177
10.7766 12.7433 15.6804	-18.9803 -1.40059 18.606
8.82379 18.6273 15.6942	-15.6518 -9.2076 -3.39863
10.7794 16.6671 15.6864	-15.8365 -7.17264 10.6201
8.83038 22.5482 15.6908	-1.47916 -3.67425 9.03386
10.7858 20.5873 15.6839	-8.69132 -15.5137 2.67581
0.974678 12.7489 17.6456	25.7335 -2.98009 16.3777
2.93828 14.7051 17.643	22.0921 5.69372 17.1318
0.980105 16.6697 17.6495	19.6551 12.8088 -0.0622383
2.93812 18.6279 17.6451	10.6802 -0.442523 -10.1022
0.981692 20.5862 17.647	8.37567 -10.0292 -15.2815
2.94165 22.5449 17.6429	15.3106 7.27639 -13.1144
4.89758 12.7459 17.6334	9.43941 3.07448 20.2037
6.8591 14.7052 17.6311	-16.1949 16.5363 18.0664
4.89815 16.6665 17.6393	10.242 23.0343 15.2859
6.8582 18.6262 17.6399	-26.0861 0.312464 14.1096
4.89848 20.5852 17.6427	-7.31261 -7.76602 -11.6948
6.86066 22.5401 17.6411	-25.8405 5.71728 -10.7087
8.82363 12.7471 17.6335	-19.3977 14.161 -4.57284
10.7845 14.7056 17.6356	-18.1738 22.8756 -3.61883
8.82261 16.6641 17.6341	-38.5865 19.0968 8.95267
10.785 18.6207 17.6375	-30 -5.33681 4.86201
8.81914 20.5806 17.6386	-39.9664 -15.7362 11.811
10.7824 22.5362 17.6376	-27.0124 -0.00297496 7.42036
0.977378 14.7025 19.5899	16.6766 -4.21148 -16.4532
2.93439 12.7382 19.5912	8.81455 5.86296 -27.5031
0.985015 18.6291 19.5868	-1.30696 7.11342 -0.399255
2.93805 16.6615 19.5812	9.36136 4.35589 -8.91599
0.979365 22.5546 19.5956	-5.51077 8.86128 -0.03298
2.93917 20.5888 19.5899	-2.35762 1.87807 11.111
4.8982 14.6939 19.5823	1.82916 3.87128 -17.3187
6.85627 12.7336 19.5864	-11.601 12.3186 -23.5038
4.89885 18.6216 19.5775	9.40683 1.85895 2.10332
6.85978 16.6541 19.5773	0.261202 13.5784 -8.47206
4.89743 22.5456 19.5897	0.065254 10.3495 8.51603
6.85878 20.5838 19.5829	2.97971 3.32174 6.77962
8.81691 14.6921 19.5831	-13.6634 17.648 -11.5561
10.784 12.7426 19.5909	-5.27227 17.4633 -11.5888
8.81961 18.6181 19.5804	-5.43708 6.10535 -7.78239
10.7766 16.6558 19.581	-10.6645 11.7434 -3.08667
8.81676 22.5392 19.5915	-7.0769 14.2269 0.433652
10.7763 20.5784 19.5888	-2.3869 4.06126 -14.7515
0.973324 12.7359 21.5754	-6.0233 12.0596 19.075
2.9314 14.6974 21.5582	2.15357 4.1302 16.0109
0.976549 16.6616 21.5627	1.89693 8.25424 4.72108
2.93506 18.6171 21.5523	20.4743 3.11776 0.94137
0.978597 20.5831 21.5698	16.8911 -1.9223 4.30752
2.93574 22.5444 21.5703	19.6223 -9.88525 7.55966
4.8863 12.7336 21.5577	3.47742 9.21452 18.5823
6.84763 14.6947 21.5482	21.1984 5.493 10.8313
4.8904 16.6583 21.5418	14.7422 2.25627 7.393
6.84763 18.6182 21.5409	22.3438 -15.6826 2.36845
4.88875 20.5766 21.5504	28.8232 -10.2364 5.74054
6.84502 22.539 21.5595	30.4989 -17.3567 7.68649
8.8087 12.7281 21.5658	21.756 1.92621 26.5261
10.77 14.6857 21.568	26.1574 -12.9079 15.4819
8.80809 16.6527 21.548	27.2018 -10.4574 1.42688
10.7649 18.6117 21.558	28.2454 -13.1341 1.2514
8.8054 20.5774 21.5602	26.0549 -14.9364 2.82072
10.7643 22.5423 21.5757	29.0039 -7.20685 11.3309
0.981545 24.4874 13.7014	-26.5147 -33.9859 -15.9578
2.94104 26.4534 13.7196	-12.2886 -28.5016 -6.08189
0.985278 28.416 13.7189	-3.78089 -25.1293 -1.7795
2.9442 30.3782 13.729	1.9145 -30.1326 1.52625
0.987995 32.3394 13.7104	15.5259 -24.1628 -5.98464
2.94343 34.3067 13.7125	17.0676 -19.9741 -9.9763
4.90059 24.4911 13.7181	-14.7261 -21.8178 -14.2425
6.8583 26.4598 13.7314	-9.82479 -21.8976 -5.59152
4.89975 28.4206 13.7402	-12.6985 -27.8718 3.88928
6.85833 30.3816 13.7402	-10.6439 -22.71 5.10951
4.89901 32.3412 13.7305	10.5642 -25.739 -1.68673
6.85747 34.303 13.7251	16.898 -10.2377 -0.345735
8.81976 24.4954 13.707	-13.2902 -9.8622 -21.0703
10.7801 26.4567 13.7076	-5.97633 -13.0442 -14.5911
8.81907 28.4222 13.7349	-8.06008 -20.5256 -1.10571
10.7809 30.3819 13.7234	0.0812186 -6.17098 1.13152
8.81805 32.3421 13.7217	2.30995 -6.11008 0.787413
10.7834 34.3001 13.7064	-1.0521 -12.4479 -5.79937
0.985868 26.4463 15.6961	9.42043 11.4426 3.35103
2.94882 24.4939 15.6948	11.7032 13.4903 9.52039
0.981443 30.363 15.6965	-6.3805 7.29478 2.78115
2.94487 28.4077 15.7035	7.47895 6.86845 -9.70179
0.974041 34.2873 15.685	-9.20399 5.07967 2.08251
2.9366 32.3255 15.6944	-1.26832 -4.18751 -1.41376
4.91242 26.453 15.7057	7.45476 15.5429 -6.40208
6.87347 24.5 15.697	-1.29141 9.26711 16.0507
4.90573 30.3741 15.7053	5.99837 5.69741 -13.4174
6.87571 28.4177 15.708	-3.74038 4.67519 -9.5019
4.8974 34.2901 15.6933	-0.359951 -2.4856 -7.332
6.86593 32.3404 15.6977	1.41929 0.55368 -9.86639
8.83761 26.4584 15.6984	-9.82274 0.937316 3.37734
10.7911 24.5062 15.687	-0.771108 -0.493303 11.3133
8.83534 30.3871 15.7028	-3.54707 -4.62938 -0.2019
10.7954 28.4228 15.6998	-0.494708 -6.41769 -2.39095
8.82286 34.3036 15.6893	-2.79303 2.23098 -0.748171
10.793 32.3517 15.6934	1.35981 -14.1952 -0.0850995
0.976768 24.5037 17.6407	11.3933 33.7793 1.21063
2.94072 26.4631 17.641	23.3755 48.2514 8.73232
0.976954 28.4188 17.6382	19.696 46.1694 4.19617
2.9425 30.3792 17.641	17.1586 19.7395 4.58155
0.977636 32.3298 17.6378	5.99288 -7.39184 14.1855
2.94143 34.2869 17.6367	20.0082 6.82231 1.15355
4.90329 24.5042 17.6423	8.23214 24.535 -6.21599
6.86623 26.4615 17.6427	-11.2072 34.9771 -9.17543
4.90453 28.4227 17.6418	15.3078 33.0106 2.54496
6.86426 30.3822 17.6438	3.95843 12.9396 -8.09586
4.90318 32.3336 17.6425	21.3461 -5.42011 0.484829
6.8603 34.293 17.6451	16.7454 13.4778 -6.64015
8.82349 24.499 17.6413	-27.0635 22.3485 -7.89808
10.7854 26.4599 17.641	-12.26 24.8016 -5.60038
8.8292 28.4213 17.6445	-18.041 28.3123 -5.63642
10.7863 30.3846 17.6432	2.23063 6.97428 -7.99724
8.82257 32.3415 17.6468	0.551938 -1.7154 -18.7211
10.7767 34.3053 17.6441	8.39121 7.03661 -20.2354
0.968568 26.4688 19.5914	8.0212 24.9899 -14.8842
2.93283 24.5083 19.59	5.87854 20.4484 -6.73779
0.971863 30.3907 19.5864	19.3136 5.85238 -8.25943
2.92933 28.4248 19.5847	10.5648 24.5645 -3.10192
0.977264 34.3078 19.5938	5.20899 3.76395 -8.39676
2.93391 32.3486 19.5889	8.12134 4.48023 0.330148
4.89133 26.4605 19.5794	5.24138 26.845 0.674428
6.85818 24.4996 19.5866	-6.53793 19.5155 8.22051
4.89235 30.3817 19.583	1.42973 15.5824 4.97955
6.85274 28.4159 19.5794	-5.37164 13.6355 4.43067
4.8971 34.3034 19.5906	4.60375 17.1376 7.76533
6.8567 32.3369 19.5869	0.19987 12.9041 2.01475
8.81658 26.4535 19.5864	-13.6546 17.3838 1.76842
10.7754 24.4932 19.5944	-5.65324 16.8485 -11.7242
8.81568 30.3741 19.5871	-3.0324 16.195 0.936755
10.7734 28.4112 19.5895	-2.98615 20.4542 -3.67779
8.81987 34.2982 19.5945	7.68545 20.6875 9.03278
10.7741 32.3377 19.5979	3.49784 12.0119 3.94462
0.978896 24.5061 21.5809	13.4094 -18.3667 20.2373
2.93712 26.4705 21.5586	9.87333 -19.7612 11.9837
0.983262 28.4337 21.5586	-4.41601 -14.5116 6.70823
2.94235 30.394 21.5529	-20.0514 -18.9106 0.396066
0.98385 32.3531 21.5706	-22.4091 -17.1394 9.97291
2.94786 34.3101 21.5699	-24.6207 -18.8662 15.6365
4.89325 24.5063 21.5555	18.8607 -16.0059 5.03455
6.84928 26.465 21.5484	12.7146 -17.3756 1.8594
4.89439 28.4296 21.5418	-4.03995 -28.3096 1.51884
6.8504 30.3876 21.5437	-11.8457 -23.1494 6.24221
4.90237 32.3514 21.5543	-24.9904 -20.3855 9.92521
6.86271 34.3072 21.5616	-27.504 -19.1526 16.9425
8.80552 24.5064 21.5645	24.6212 -16.6991 5.48382
10.7676 26.4704 21.5652	12.4284 -5.20713 7.54674
8.80603 28.4228 21.5544	9.01301 -13.2321 8.27766
10.7695 30.3738 21.5602	-0.177095 -9.89603 9.98359
8.8108 32.3402 21.5596	-20.6295 -14.7165 12.9044
10.7783 34.2888 21.5835	-33.5558 -15.5665 12.7861
0.98216 36.2666 13.6965	23.9882 -17.9925 -20.785
2.94034 38.2235 13.7195	15.5016 -12.9292 -9.75206
0.973049 40.1812 13.7224	5.48083 -15.414 -9.94993
2.93531 42.1335 13.7289	-4.78156 -6.58009 -3.10452
0.966844 44.0882 13.7085	-11.2349 -2.23559 -15.9688
2.93117 46.0411 13.7075	-17.212 1.26521 -14.6109
4.90125 36.2673 13.7242	16.7653 -6.79841 -4.84734
6.86068 38.2251 13.7292	9.35864 -3.46198 -2.94632
4.90085 40.1803 13.7375	11.8539 -3.74748 2.89767
6.86258 42.1312 13.738	3.53077 -0.543378 0.966807
4.89831 44.0868 13.7262	-13.9005 0.522292 -7.50469
6.86063 46.0399 13.7159	-22.5008 -3.037 -14.2828
8.82093 36.2627 13.7178	9.01681 -14.4873 -1.40259
10.7877 38.2179 13.7162	-3.79535 -8.66229 0.096825
8.82374 40.1745 13.7277	2.83524 2.78457 -1.87015
10.7895 42.1271 13.7196	-3.07169 5.63075 1.84734
8.82478 44.0844 13.718	-8.59793 2.61032 -9.19919
10.7863 46.0448 13.696	-16.8771 1.15557 -23.0617
0.965559 38.2069 15.687	-5.93344 6.73973 14.6469
2.92777 36.245 15.6897	-3.09013 8.54651 9.17799
0.972098 42.1398 15.6902	19.1729 -12.8323 7.40581
2.92079 40.1692 15.6954	9.23668 3.85901 -0.697315
0.978245 46.0652 15.6819	16.1975 -9.01159 6.42327
2.92696 44.1009 15.691	21.1769 -16.7546 1.17236
4.88492 38.2053 15.6986	5.04388 -5.48087 0.582943
6.85579 36.2535 15.6934	-2.02017 -1.88903 0.452718
4.87906 42.1309 15.7016	15.9225 -10.9673 -7.55498
6.84421 40.1688 15.7017	2.35233 -6.76638 -8.60958
4.88544 46.0559 15.6946	17.3246 -6.51393 -2.85402
6.84148 44.09 15.6994	15.8641 -14.5975 -8.40033
8.81205 38.2163 15.6924	-2.92379 -5.9791 -2.68898
10.7805 36.2651 15.6864	-0.793311 2.64015 4.27697
8.80535 42.1326 15.6951	6.0926 -8.63528 -11.4257
10.7686 40.1794 15.6934	9.4233 2.25942 -6.30478
8.80519 46.0471 15.6916	12.6589 -10.0095 -1.23776
10.7641 44.095 15.6849	14.2026 -12.9338 -7.93919
0.978347 36.2462 17.6381	13.9719 25.1508 -1.25981
2.93872 38.2078 17.635	22.9437 23.925 -7.10871
0.98163 40.1751 17.6361	17.2258 21.9124 0.770158
2.934 42.1438 17.6351	24.8839 1.03766 6.37462
0.985081 44.1127 17.6376	8.49824 -17.4367 -4.26863
2.93741 46.0771 17.6398	24.7093 -8.00668 3.41352
4.8991 36.2484 17.6385	24.1266 28.7709 -5.15104
6.85052 38.2162 17.6392	1.53426 22.53 -8.72904
4.89151 40.175 17.6343	16.7313 27.742 -1.78821
6.84249 42.1426 17.6338	-2.45656 -0.14867 4.9782
4.88814 44.1098 17.6325	18.704 -17.8343 8.50818
6.84515 46.068 17.6353	-1.68708 -12.5486 15.1932
8.80975 36.2579 17.6421	-4.94075 18.4539 -13.4637
10.7602 38.2249 17.6413	9.48409 23.3046 -4.89566
8.80218 40.1831 17.6382	-8.07903 20.5745 -3.31526
10.7594 42.1473 17.6417	15.461 -2.75325 5.64505
8.79851 44.1052 17.6382	-5.16957 -16.5924 14.2811
10.7622 46.0616 17.6434	4.76598 -6.95023 9.37228
0.984913 38.2202 19.5851	2.08665 12.5445 -2.93727
2.94207 36.2638 19.5897	5.81178 16.476 -1.82768
0.984235 42.1415 19.5847	-6.16906 4.14054 -10.6508
2.94456 40.1835 19.5818	-1.00808 12.2851 4.47673
0.980982 46.0664 19.5929	8.71153 14.8768 -11.3668
2.9421 44.1084 19.5867	1.12185 0.474322 -10.9855
4.90417 38.223 19.5834	2.29706 18.083 16.804
6.86239 36.2588 19.5879	4.81704 25.5744 13.2541
4.90483 42.149 19.5808	-0.203515 3.36286 6.49469
6.86512 40.1886 19.5811	-5.46344 18.8604 19.6671
4.90355 46.0762 19.5882	8.09822 -4.64053 -10.9078
6.86291 44.1158 19.5853	0.735929 -7.3371 2.81956
8.82407 38.219 19.5875	3.19358 17.0205 16.5974
10.7772 36.2562 19.5978	12.8324 16.4576 7.91521
8.82315 42.1534 19.5828	-4.7872 4.79513 3.66732
10.7789 40.184 19.5858	13.6935 14.2266 4.82108
8.82046 46.078 19.5914	3.94745 -10.3282 -5.29296
10.7812 44.1147 19.5879	3.80698 -8.13953 -4.90398
0.986225 36.2764 21.5754	-21.9256 -9.75109 15.4636
2.95468 38.2359 21.5583	-21.1885 -5.04746 5.22608
0.992553 40.1875 21.5586	-8.95994 -2.89951 -0.765049
2.96215 42.1413 21.5499	-5.17976 -2.45603 1.73052
0.991334 44.0928 21.5677	0.491465 2.38418 12.6953
2.9572 46.0519 21.5637	-4.05242 6.79735 14.4569
4.91164 36.2701 21.5583	-21.0951 -15.4795 8.39634
6.87748 38.2246 21.5441	-26.7797 -23.1624 1.48507
4.92293 40.187 21.5389	-31.0057 -7.57283 2.78582
6.88834 42.14 21.5415	-27.4916 3.11935 -5.52614
4.92412 44.0979 21.5484	-5.93399 4.11264 1.03058
6.88193 46.0597 21.5578	-9.16282 10.2075 8.99671
8.82723 36.259 21.5722	-35.7952 -23.6133 11.8661
10.7922 38.2139 21.5705	-40.9496 -20.7941 12.2033
8.84266 40.1813 21.547	-31.0463 -12.828 -1.54689
10.8028 42.1422 21.5602	-31.7622 0.160659 -2.79264
8.84906 44.1013 21.5584	-19.563 10.1394 -4.08379
10.8068 46.0651 21.5743	-20.8356 6.73338 5.67006
12.7465 0.968764 13.6996	-20.3126 -2.72549 -25.132
14.7027 2.93571 13.7209	-17.8251 0.0890938 -5.91848
12.7358 4.88829 13.7216	-12.9872 -12.0435 -6.6113
14.6929 6.85639 13.7324	-4.84237 -8.98524 -0.0543461
12.7326 8.80936 13.7123	-9.20296 -6.61351 -4.94517
14.6912 10.7772 13.7137	-10.8658 -9.5053 -2.18873
16.6675 0.981368 13.7216	0.597137 2.22911 -14.8674
18.6245 2.94853 13.7296	-2.33769 -11.8421 -7.50716
16.659 4.9017 13.7384	-11.0152 -13.5264 0.69655
18.618 6.86393 13.7379	-11.9923 -16.8388 2.33749
16.6512 8.82078 13.7356	-13.5753 -8.86199 3.87458
18.6092 10.7832 13.7269	-19.1646 -11.2469 2.83979
20.5836 0.983817 13.7107	4.33366 -17.6627 -14.0006
22.5437 2.94792 13.7135	0.430801 -20.6577 -13.6969
20.5836 4.91077 13.7303	-10.216 -13.7467 -0.343645
22.5418 6.87392 13.7182	-11.7424 -9.20528 -2.92676
20.5748 8.83033 13.7187	-9.82238 -13.2968 -2.0295
22.5384 10.7953 13.7025	-17.1457 -13.4407 -14.1607
12.7256 2.92614 15.6963	18.8515 2.41163 5.35208
14.685 0.975423 15.6946	16.9538 10.7517 13.2262
12.7323 6.85577 15.6938	7.6918 -6.60683 5.72746
14.6838 4.88983 15.7044	19.3701 3.42661 -8.26712
12.7328 10.785 15.6824	-5.31032 2.90469 14.2438
14.6901 8.82318 15.6926	8.49119 -4.85693 -1.28071
16.6458 2.93588 15.7045	14.3581 7.34183 -4.02412
18.6106 0.985569 15.6983	1.58283 2.28107 8.04945
16.6426 6.85919 15.706	16.9335 7.48371 -13.742
18.6055 4.90099 15.7087	4.41328 3.25602 -12.4644
16.6532 10.7863 15.6935	1.90704 8.00938 -6.17303
18.6084 8.82517 15.6981	7.44151 3.83425 -15.4406
20.5693 2.94686 15.6962	-6.91937 8.49829 1.1318
22.5321 0.994732 15.6856	-5.06075 11.6922 12.2217
20.5682 6.86902 15.7026	7.19369 -0.415067 -0.599667
22.5302 4.90879 15.6941	7.44845 12.4562 0.334175
20.5755 10.7841 15.6921	-1.77882 5.67439 -1.14824
22.5324 8.8305 15.6908	9.43361 -7.43738 9.75858
12.729 0.974948 17.6427	24.167 7.16356 -2.42272
14.6929 2.93194 17.6403	29.2941 17.452 -0.575253
12.7344 4.89822 17.6418	11.553 16.1964 -0.55476
14.6941 6.85826 17.6412	16.6675 6.38251 8.24346
12.7422 8.82866 17.6373	17.1441 -9.08257 -6.41597
14.7038 10.786 17.6388	13.8165 4.48384 -6.68301
16.6531 0.973937 17.638	28.6353 20.743 -5.48446
18.6116 2.9326 17.6374	-4.76683 29.9975 5.22145
16.648 4.89347 17.6373	6.65287 16.8976 5.30251
18.6067 6.85492 17.6388	-12.8732 14.5645 7.05163
16.6531 8.81618 17.6418	6.50143 -10.9281 12.9572
18.6149 10.7752 17.6436	-17.1025 5.13123 9.2245
20.5736 0.975039 17.6401	-6.82803 29.3176 -5.78251
22.5334 2.93572 17.643	-6.55782 34.3227 3.69355
20.5699 4.89609 17.6404	-20.8969 33.1078 2.60012
22.5325 6.8558 17.6428	-9.81239 18.7066 -9.80281
20.5703 8.81199 17.642	-25.6855 -3.6878 -1.69153
22.5328 10.7685 17.6415	-10.3887 9.2008 -11.3283
12.7425 2.94632 19.5898	6.92873 4.30549 -10.0299
14.6962 0.981679 19.5934	10.1483 -0.727663 -2.37687
12.7452 6.87044 19.5878	1.31372 4.02413 -8.23199
14.7047 4.90316 19.5853	6.26402 7.09727 -4.15238
12.7492 10.7895 19.5959	1.72526 11.1261 -7.10949
14.7066 8.82645 19.5912	-7.03529 5.01871 -6.29373
16.6619 2.93446 19.585	3.40286 9.80473 1.28834
18.6248 0.972595 19.5881	2.39287 18.4412 6.43233
16.6682 6.86007 19.5843	-10.4551 5.11262 -1.33994
18.6288 4.89057 19.5807	-8.71213 6.44328 7.91835
16.6683 10.7809 19.5893	-8.85259 13.5962 -4.41095
18.6292 8.81635 19.587	-15.6856 -0.427543 -6.91327
20.589 2.92565 19.5849	-6.71229 15.355 -1.03536
22.5459 0.967056 19.5932	1.63935 15.8064 -7.16909
20.5881 6.8486 19.5826	-17.9315 6.59245 2.84661
22.5473 4.88217 19.5814	-8.02998 14.7803 -2.44278
20.5856 10.7741 19.5953	-11.7318 5.72027 -0.729627
22.5424 8.80874 19.5903	-13.6494 4.76916 5.24135
12.7611 0.993379 21.5773	-11.7386 2.05975 11.5394
14.7186 2.95537 21.5576	-4.65156 -5.14439 10.9244
12.7564 4.91137 21.5572	-11.3883 4.40243 4.03684
14.7194 6.86312 21.5519	2.7517 -3.16984 6.64108
12.7451 8.81202 21.5716	11.9348 -2.03054 16.3992
14.7065 10.7676 21.5696	25.7633 -16.6032 20.1537
16.6741 0.985935 21.5554	-24.2456 -11.4323 -4.43091
18.6297 2.94092 21.5467	-8.74757 -20.8312 -3.87906
16.6765 4.90966 21.5417	3.55175 -16.4655 1.56554
18.6342 6.86502 21.543	17.2769 -18.5507 0.802927
16.6782 8.8175 21.5537	22.6109 -12.6573 15.4046
18.6313 10.779 21.5632	29.6823 -21.7158 23.6685
20.5845 0.976672 21.5683	-27.5138 -27.2672 8.04411
22.5442 2.93668 21.5703	-17.1447 -28.7639 11.726
20.5874 4.89737 21.5495	8.16996 -24.4781 2.78918
22.5481 6.8553 21.559	19.4832 -21.7205 3.64473
20.5912 8.82086 21.5622	27.2778 -19.6947 9.68733
22.5469 10.7824 21.5844	25.0253 -22.4758 18.2029
12.7322 12.735 13.7053	8.35374 -4.87065 -14.8344
14.6927 14.6983 13.7255	2.9513 -10.4246 -10.5947
12.7446 16.6631 13.723	-3.80033 3.05265 -9.21835
14.705 18.6186 13.7289	5.26215 13.3725 -5.67374
12.7481 20.5787 13.7095	1.37735 8.7654 -13.1777
14.7072 22.5403 13.7123	4.67882 5.69036 -14.5583
16.6494 12.739 13.7244	-13.2025 -8.65339 -1.03131
18.6092 14.7017 13.731	-1.07525 2.32657 -0.859206
16.6537 16.6605 13.741	9.76305 -3.49944 -3.6546
18.6141 18.6202 13.7412	8.59574 -1.52963 1.52215
16.6628 20.5768 13.7272	12.5834 12.5504 -5.36283
18.6227 22.5323 13.7203	10.4807 1.44951 -15.3487
20.5747 12.7481 13.7141	-19.7712 -8.8928 -7.1401
22.5421 14.7103 13.7133	-17.3262 -9.6955 -7.9274
20.5713 16.6594 13.7322	2.83643 -3.23131 2.33648
22.5411 18.6134 13.7234	-2.18068 -2.36301 -1.45424
20.5807 20.5748 13.7226	0.25264 -1.80341 -7.93912
22.5465 22.5334 13.7008	3.98294 7.34293 -19.4132
12.735 14.7035 15.6816	-13.7187 -5.8754 16.3148
14.693 12.7438 15.6864	-11.1289 7.06162 13.446
12.7403 18.625 15.6832	-7.79568 -8.00424 15.3927
14.6994 16.663 15.6896	-6.9544 5.93464 8.08722
12.7461 22.5463 15.6802	1.06087 -10.6037 4.29379
14.7032 20.5816 15.6825	-0.97951 -12.4571 0.318013
16.6615 14.7012 15.6935	-12.9902 3.23199 0.386747
18.6202 12.742 15.6943	-4.92631 11.4688 3.3415
16.6653 18.6202 15.6954	-3.36591 3.11784 2.06434
18.6302 16.658 15.6991	-11.4693 14.6175 -8.11085
16.6659 22.5362 15.6866	-3.28655 -4.47917 2.57724
18.6307 20.5784 15.6933	-10.7841 -5.24158 0.143177
20.5863 14.6966 15.6964	-10.3142 15.5005 -1.37864
22.5411 12.7402 15.6927	0.483762 15.5613 10.3444
20.5932 18.6187 15.6973	-12.7679 9.20291 -4.15697
22.5472 16.6579 15.6974	-11.8156 15.0324 -1.51321
20.5886 22.5358 15.6877	-9.93333 4.34189 9.92361
22.5488 20.5818 15.6898	-5.84384 4.30685 4.29292
12.7486 12.7471 17.6365	12.6049 19.5966 -11.1543
14.7098 14.7059 17.6376	8.29604 15.6093 -3.28177
12.7477 16.6638 17.6381	-15.367 17.526 -2.49293
14.7091 18.6211 17.6393	-5.8438 -3.98793 3.50904
12.7455 20.5789 17.6414	-15.2241 -20.1038 9.79009
14.7066 22.5367 17.6434	-6.73391 -5.19715 5.44098
16.6655 12.7417 17.6424	2.66351 21.1343 -3.69661
18.6276 14.7022 17.6434	-9.89497 23.9028 -2.219
16.671 16.6675 17.6372	0.722563 28.3791 1.0211
18.632 18.6284 17.6347	-20.1321 -1.01098 1.46586
16.6683 20.5808 17.6395	-11.9355 -26.2348 -0.478971
18.625 22.5418 17.6384	-31.7073 -22.6301 -2.71691
20.5786 12.7312 17.6418	-25.5971 26.5568 0.48111
22.5433 14.6885 17.6409	-5.2006 26.9896 1.73489
20.5889 16.6645 17.642	-22.2111 25.0386 2.47095
22.5497 18.6279 17.6431	-13.6323 3.15464 10.3374
20.5897 20.5892 17.6364	-32.4427 -26.4809 5.31486
22.5433 22.5546 17.6392	-14.4705 -9.92717 3.90718
12.7417 14.7002 19.5857	-1.06583 16.8913 -3.70053
14.7074 12.7452 19.5921	-0.0966287 18.6758 -9.53354
12.7376 18.6196 19.5831	-4.64033 7.05357 -12.3157
14.7008 16.6617 19.5793	6.67649 16.913 3.93039
12.735 22.5372 19.5917	7.8945 6.8067 -9.3175
14.6981 20.5834 19.5846	8.21571 2.76343 -1.66278
16.6652 14.7039 19.5838	0.685043 14.7039 3.92369
18.6269 12.7378 19.5872	-7.79069 17.1571 -9.49959
16.6609 18.6251 19.5807	7.4852 8.02713 7.59551
18.626 16.6665 19.5792	1.52507 15.9167 6.30987
16.6611 22.5445 19.5851	11.4999 -8.5446 12.1291
18.6232 20.5875 19.5861	6.0592 -5.91527 8.22684
20.5839 14.6977 19.5875	-7.63818 9.40272 -8.50841
22.5359 12.7297 19.5988	-12.5026 5.14594 -7.91541
20.585 18.6262 19.5841	4.6483 -3.24665 -9.00769
22.5388 16.6579 19.589	2.6009 -0.548308 -7.62454
20.584 22.5488 19.5935	4.41927 -7.17427 0.0428773
22.5407 20.5862 19.5933	13.3647 -16.0025 -17.0123
12.7396 12.7314 21.579	17.9259 -12.3798 18.8663
14.6947 14.6927 21.5594	12.8764 -20.8788 11.7083
12.7282 16.6487 21.5561	24.5914 -19.9892 5.77692
14.6847 18.6141 21.5477	22.0681 -17.7881 -0.128485
12.7239 20.5751 21.5702	28.7285 -9.66735 9.86584
14.6863 22.5389 21.5671	16.5317 -5.74938 5.54445
16.6616 12.7335 21.5595	24.9266 -30.2586 20.0541
18.6121 14.6977 21.5486	20.1016 -26.3202 12.6921
16.6447 16.6516 21.5406	11.4145 -19.279 4.66702
18.5988 18.6111 21.5407	8.73651 -13.3185 1.56526
16.6428 20.5775 21.5451	9.83223 -6.6417 -5.16954
18.603 22.539 21.5549	1.99113 -2.45686 3.26641
20.581 12.7424 21.5704	28.7433 -22.8086 19.076
22.5346 14.7042 21.5676	25.0271 -17.6817 17.0926
20.5667 16.6606 21.5499	12.2621 -16.7845 7.7514
22.5234 18.6181 21.5621	-5.40108 -11.6555 7.91056
20.5567 20.5715 21.5598	-0.583057 -6.77666 10.8402
22.5227 22.5277 21.5772	-8.11153 0.144984 21.1395
12.7492 24.5026 13.7001	-8.82233 -2.80758 -20.373
14.7081 26.4622 13.7229	-9.15432 -2.49083 -12.616
12.7427 28.4176 13.7202	2.42275 -10.5171 0.902457
14.7049 30.3717 13.7299	-8.41575 -3.54812 12.2631
12.7458 32.3359 13.7117	-10.4059 -6.55729 3.28978
14.7065 34.2939 13.71	-12.1235 -0.544168 3.27672
16.6665 24.4992 13.7235	4.60454 1.63446 -15.748
18.6282 26.4551 13.7296	7.03575 10.6442 -7.76866
16.6683 28.4133 13.7362	-9.19462 1.06219 -0.143875
18.6278 30.3672 13.7329	-9.12739 6.96617 3.92116
16.6658 32.3316 13.7307	-15.2103 4.08612 9.62813
18.6223 34.2946 13.7197	-19.4205 5.94029 0.981229
20.5831 24.4936 13.7151	15.4556 7.82265 -19.5686
22.5456 26.4537 13.7157	11.5761 8.30866 -13.4794
20.5872 28.4099 13.7287	5.52598 7.01636 -3.57285
22.5429 30.3665 13.7199	-7.41143 6.75943 -11.7861
20.583 32.3241 13.7164	-13.126 10.1308 -4.72886
22.5375 34.2873 13.699	-11.374 12.7708 -13.2825
12.7484 26.4627 15.6927	5.54238 -1.25565 7.20124
14.7056 24.5018 15.6891	5.52748 -4.21459 8.30515
12.7519 30.3917 15.7	3.82418 -11.2023 -5.17117
14.7048 28.4263 15.7027	5.99128 0.291763 -4.33249
12.7494 34.3142 15.687	6.83168 -10.6573 -8.62984
14.7082 32.36 15.6963	8.5863 -15.6656 -18.916
16.664 26.4604 15.6968	2.67732 8.36139 -4.04613
18.624 24.4937 15.6902	-8.6265 9.55102 8.81137
16.6608 30.3937 15.7034	1.95535 -2.0782 -10.4303
18.6181 28.4232 15.6984	-0.475973 5.93727 -4.15319
16.6644 34.3232 15.6958	13.7274 -10.1736 -28.4529
18.6195 32.3567 15.6973	1.29704 -6.97855 -9.34825
20.5774 26.4561 15.691	-9.97353 12.6757 -0.319588
22.5399 24.4972 15.6868	0.630209 19.829 9.89803
20.5733 30.3867 15.693	-0.740324 2.43316 11.9449
22.534 28.4209 15.6895	-5.36057 10.1799 4.55322
20.58 34.3143 15.6875	-2.29706 3.31321 -5.88657
22.5309 32.3491 15.6829	-0.247763 1.6449 17.0458
12.7451 24.4953 17.6384	-5.12335 14.5988 -1.61291
14.7023 26.4582 17.6346	14.7277 17.6094 -9.25189
12.7441 28.4228 17.6359	12.6058 19.8261 -8.43912
14.7011 30.3885 17.6308	28.2094 -1.0185 -0.860885
12.7401 32.3497 17.64	26.0925 -13.0139 -6.6629
14.695 34.3138 17.6383	32.7663 -10.25 6.42539
16.664 24.4971 17.6416	-10.4606 -0.357083 0.279905
18.6178 26.4624 17.6423	-16.2803 -0.820957 -0.605701
16.658 28.4257 17.6343	12.5932 6.96162 -6.86319
18.6154 30.3911 17.635	2.2523 -13.6837 -10.7438
16.6553 32.3515 17.6279	22.5086 -31.8734 7.80216
18.6116 34.3133 17.626	10.437 -18.018 8.68417
20.5804 24.5083 17.6383	-27.2911 -3.67756 -2.6977
22.5371 26.4735 17.64	-8.69421 -4.80479 -3.00096
20.5734 28.4301 17.6407	-15.8465 -9.56224 -10.4531
22.5316 30.3942 17.6392	1.01253 -34.7092 -15.0977
20.5735 32.3513 17.6345	-4.61165 -46.217 -10.3187
22.5317 34.3108 17.6362	13.7315 -28.9823 -7.28935
12.7347 26.4489 19.5937	-3.69369 11.7034 -5.72966
14.6968 24.4955 19.5906	1.63136 -0.738341 -1.00619
12.7294 30.3742 19.5921	1.6239 13.0259 -2.86063
14.6904 28.4118 19.588	-3.28085 4.59216 10.5943
12.7284 34.298 19.599	12.3429 9.81675 -5.28103
14.6868 32.3373 19.5936	4.58931 1.96458 -5.67739
16.6565 26.4551 19.5837	-6.61168 0.382818 8.58218
18.6232 24.5039 19.5877	1.07673 -6.10776 4.5151
16.6507 30.3808 19.5837	-4.71495 2.01959 10.8944
18.6195 28.4223 19.579	-12.6441 2.57318 25.1548
16.6468 34.2975 19.5898	7.16617 5.0348 -9.65748
18.613 32.3455 19.585	-6.36055 -6.52832 5.86643
20.5829 26.4642 19.5869	-4.39512 -0.197654 5.05864
22.5423 24.5087 19.5962	12.5888 -5.3858 -8.09482
20.5805 30.3901 19.5825	-20.2906 -6.92666 24.4282
22.5407 28.4271 19.5854	-10.1125 -12.8101 10.69
20.5747 34.3038 19.5894	-7.00675 -0.452899 -0.91004
22.5374 32.3514 19.5895	-18.7978 -15.5304 11.4676
12.7264 24.5052 21.5738	23.6675 -4.72692 10.9024
14.6928 26.4601 21.5566	16.4985 2.72119 2.83965
12.7337 28.4232 21.5587	2.0971 2.42033 2.59842
14.7006 30.3721 21.5512	-0.135111 6.02972 4.97441
12.736 32.3229 21.5681	-14.0297 -8.51189 13.4441
14.7015 34.278 21.5674	-26.1966 -9.72839 23.5255
16.6505 24.5007 21.5543	10.4285 -0.758417 3.5663
18.6165 26.4588 21.5438	8.30245 8.77613 3.8052
16.6592 28.4157 21.5367	13.2036 6.86987 0.129297
18.6243 30.3688 21.5377	8.07781 6.02795 -4.50369
16.666 32.3189 21.5539	-5.68099 2.77673 11.6326
18.6306 34.2734 21.5585	-7.22098 6.76482 13.6897
20.5706 24.4954 21.5694	-4.14813 4.71741 9.0419
22.5403 26.4482 21.5698	-5.17235 8.72635 2.92069
20.5827 28.4124 21.5446	9.12931 16.123 -5.03508
22.5521 30.366 21.5588	2.53578 21.2833 -3.5296
20.5918 32.3239 21.5579	0.74574 13.1034 3.36479
22.5589 34.2874 21.5773	-1.1895 12.9531 14.5123
12.7476 36.2579 13.7062	-6.05237 -8.39478 -3.83397
14.7127 38.2204 13.7232	-2.85314 5.57269 7.23343
12.7573 40.1779 13.7244	-4.81734 5.78029 2.51112
14.7209 42.137 13.7295	-10.4151 4.23361 -0.910997
12.7528 44.0869 13.7094	-12.2829 -0.807652 -7.5569
14.711 46.051 13.7115	-11.1647 -2.78554 -20.1634
16.6643 36.2575 13.7195	-8.26229 7.36741 8.59663
18.6227 38.218 13.7308	-8.7854 3.04286 6.40723
16.6732 40.1784 13.7401	-8.72282 3.47155 13.2044
18.6284 42.1398 13.736	0.742432 3.62747 6.61843
16.6753 44.0963 13.7257	-3.94352 3.34241 -12.2423
18.6293 46.06 13.7171	10.3421 2.07198 -16.2185
20.5807 36.2573 13.7068	-23.3518 6.45262 -5.09406
22.5385 38.2224 13.7091	-14.3786 9.65414 -9.99784
20.5794 40.1803 13.7308	0.193773 3.63365 -0.34952
22.5383 42.1432 13.7197	14.0635 5.10449 -5.03618
20.5852 44.1028 13.7192	16.4929 3.31747 -5.78348
22.5422 46.0635 13.7019	16.1547 -12.4745 -14.0548
12.7408 38.226 15.6872	11.8885 1.25381 -8.42115
14.7062 36.2752 15.6876	12.6226 -3.00968 -14.9139
12.7261 42.1433 15.6908	19.227 -5.03883 -2.05519
14.6995 40.1891 15.6925	16.1664 3.08882 -17.6428
12.7225 46.0553 15.684	15.9312 0.534674 7.49686
14.689 44.1041 15.6897	16.069 -7.36417 6.20314
16.6667 38.2357 15.6941	8.81327 4.86295 -25.342
18.6257 36.2784 15.6951	7.73694 2.60366 -19.0872
16.6619 42.1516 15.6946	5.96541 -5.67851 -7.92837
18.6294 40.1977 15.6969	-2.81587 9.40681 -26.6419
16.6515 46.0636 15.6946	9.68479 1.74266 13.5406
18.6227 44.1128 15.6929	-0.00208724 -8.46056 4.90997
20.588 38.2322 15.6949	-0.326563 -1.74362 -8.00696
22.5381 36.2667 15.6842	8.71774 -0.706887 9.77407
20.5901 42.1552 15.6953	-9.91149 1.57949 -3.99887
22.5493 40.1887 15.6954	-1.95551 1.37611 1.75872
20.5782 46.0751 15.6895	-5.88424 -0.338696 5.61133
22.5463 44.1154 15.6897	-11.1573 3.25052 2.54002
12.7294 36.2698 17.6446	29.4865 22.0268 -3.32444
14.6859 38.2333 17.6481	42.0093 24.3328 4.93514
12.7208 40.1906 17.6435	34.0797 22.8453 -1.80025
14.6843 42.1492 17.6433	45.1614 -5.88249 -10.5841
12.7214 44.1049 17.6433	25.8926 -27.5288 -0.282541
14.6872 46.0575 17.641	35.3197 -7.17147 -8.07525
16.6528 36.2743 17.6359	36.7493 9.54594 15.5448
18.6139 38.2358 17.6345	18.4726 5.74874 15.3796
16.6476 40.1931 17.6464	35.5861 22.8412 4.50691
18.6146 42.1471 17.6441	18.4535 -4.12337 -3.49494
16.6505 44.1031 17.644	40.3608 -19.564 -19.1784
18.6135 46.0573 17.6415	18.9466 6.71943 -19.6199
20.5733 36.2724 17.6281	-1.28687 1.79094 9.15131
22.538 38.2306 17.6294	5.86375 4.46412 1.03891
20.5768 40.1946 17.6332	-0.742676 12.5516 7.78026
22.5407 42.1495 17.6305	3.07405 7.67234 5.21818
20.5787 44.103 17.6366	14.4146 -13.5109 -10.7459
22.5377 46.0631 17.6342	7.35226 6.68593 -4.24598
12.7312 38.2161 19.587	25.0921 13.885 4.5584
14.6869 36.2558 19.5864	24.2784 17.0376 -6.72965
12.7351 42.1469 19.5844	16.5193 4.15602 6.25569
14.6868 40.1769 19.5762	33.1583 12.9842 18.7965
12.7379 46.0704 19.5942	8.17776 -10.105 -0.821177
14.6927 44.1059 19.5869	7.91671 -9.31991 22.4572
16.6476 38.2143 19.5781	22.7812 3.42079 9.65348
18.6082 36.2551 19.5855	1.53281 1.90584 -15.805
16.6463 42.1339 19.576	22.9526 4.28182 22.2313
18.608 40.1705 19.5762	17.1695 0.62256 10.5732
16.6551 46.0607 19.5878	8.62967 5.24946 21.7802
18.6145 44.0929 19.584	10.5727 12.496 22.5667
20.5702 38.2127 19.5854	-3.36802 -5.0855 -2.73458
22.5359 36.2573 19.5907	-8.12713 4.63712 -5.92629
20.5731 42.1305 19.5843	16.4114 2.6519 2.78549
22.5349 40.1725 19.5857	10.4844 -1.04029 7.0528
20.5839 46.0496 19.5936	1.30227 21.8847 10.7536
22.5377 44.093 19.5949	17.7158 1.27459 -4.32759
12.7458 36.2451 21.5811	-41.3831 -11.1314 19.2625
14.7104 38.2013 21.5617	-46.6116 -10.5008 10.9506
12.7539 40.1707 21.5598	-38.5142 -15.9479 1.01669
14.7145 42.1289 21.5518	-46.6235 -15.5469 -13.2276
12.7652 44.1011 21.5711	-36.8951 1.63957 -0.945861
14.7208 46.0659 21.5707	-31.4235 -4.76264 -1.70393
16.6683 36.2374 21.5564	-30.7184 -1.84439 14.8303
18.6293 38.2038 21.55	-33.1237 2.05129 1.58775
16.6697 40.1626 21.5459	-56.2015 -16.4684 -4.76034
18.624 42.1261 21.5414	-52.8278 -22.1179 -0.986003
16.6697 44.0938 21.5489	-46.7963 -17.9742 -8.02231
18.6258 46.0555 21.5575	-35.8723 -19.1042 1.72513
20.5905 36.2397 21.5639	-5.91199 3.80715 14.7631
22.5492 38.207 21.5654	-12.3091 -2.48726 12.0179
20.5848 40.1666 21.5511	-34.6038 -4.65552 1.55764
22.5408 42.1239 21.5613	-33.0124 -8.95837 0.503214
20.5805 44.0861 21.5621	-39.1961 -18.7472 3.16132
22.5396 46.0473 21.5809	-33.7136 -28.5731 11.7188
24.4989 0.986245 13.6991	13.3771 -18.2616 -20.2474
26.457 2.9505 13.7214	9.84485 -19.6056 -12.0246
24.5031 4.91378 13.7214	-4.36494 -14.3394 -6.75892
26.4623 6.87398 13.7271	-19.889 -18.8958 -0.261244
24.5038 8.83309 13.7094	-22.1495 -17.1954 -9.87615
26.4679 10.7902 13.7102	-24.4853 -19.1294 -15.6558
28.4132 0.986363 13.7246	18.855 -15.9975 -5.03639
30.3693 2.94499 13.7315	12.6227 -17.6868 -1.91258
28.4143 4.9096 13.7383	-4.13217 -28.401 -1.44305
30.3705 6.86772 13.7362	-11.7992 -23.4226 -6.28456
28.4224 8.83147 13.7257	-24.8767 -20.6702 -9.97616
30.3827 10.7873 13.7184	-27.4168 -19.0282 -17.1134
32.3255 0.986388 13.7155	24.6651 -16.8781 -5.46391
34.2876 2.95041 13.7147	12.5307 -5.31036 -7.55786
32.3261 4.90288 13.7255	9.03536 -13.3459 -8.34817
34.2895 6.85392 13.7198	-0.183328 -9.95034 -9.95332
32.3307 8.82027 13.7204	-20.6283 -14.6224 -13.075
34.2982 10.7688 13.6965	-33.7645 -15.4091 -12.8103
24.4886 2.94878 15.6885	7.79584 24.8479 14.8452
26.4528 0.988321 15.69	5.93576 20.4023 6.97168
24.4919 6.87072 15.6936	19.3892 5.94189 8.21078
26.4495 4.90482 15.6952	10.6788 24.5069 2.93645
24.4972 10.7878 15.6861	5.04019 3.90764 8.34276
26.4538 8.82867 15.6909	7.86791 4.64045 -0.573955
28.4114 2.94052 15.7005	5.37149 26.8581 -0.702764
30.3782 0.979555 15.6933	-6.45753 19.7186 -8.3844
28.4124 6.86171 15.6969	1.31978 15.7137 -5.19303
30.3728 4.89583 15.7006	-5.37201 13.7699 -4.28321
28.417 10.7833 15.6894	4.35047 17.2131 -7.25809
30.3766 8.81675 15.693	0.0594889 12.9623 -1.75358
32.3365 2.93347 15.6937	-13.6041 17.494 -1.59968
34.2953 0.973208 15.6857	-5.82758 16.8049 11.8879
32.3357 6.85411 15.6929	-3.11338 16.234 -0.94263
34.2934 4.89121 15.6905	-2.94958 20.4225 3.43436
32.34 10.7781 15.6856	7.95538 20.6543 -8.80132
34.2942 8.81768 15.6821	3.61007 12.0419 -3.84011
24.4968 0.983594 17.6393	11.7896 33.7799 -1.085
26.4608 2.94304 17.639	23.3362 48.1167 -8.69027
24.4971 4.89863 17.6418	19.7241 46.0803 -3.89957
26.4623 6.85929 17.6391	16.5203 19.5168 -4.25474
24.4974 8.8098 17.6423	5.49986 -7.62144 -13.911
26.4615 10.767 17.6433	20.1767 7.25222 -1.25471
28.4233 0.984037 17.6377	8.15865 24.2733 5.9515
30.3862 2.94177 17.6373	-11.0047 35.6487 9.24648
28.4244 4.90285 17.6383	15.1256 33.1747 -2.32675
30.3843 6.8623 17.6362	4.00836 13.1492 8.37998
28.4233 8.81369 17.6376	21.3291 -4.87906 -0.358326
30.3803 10.7729 17.6348	16.5535 13.013 6.47146
32.3435 0.979288 17.6386	-26.9246 22.8517 8.02847
34.3053 2.9399 17.6389	-12.4719 24.6526 5.7944
32.3491 4.9013 17.6354	-18.3741 28.2958 5.92187
34.3064 6.8646 17.6367	2.25749 6.95831 8.11832
32.3427 8.82151 17.633	0.52322 -2.04098 18.5811
34.2966 10.7853 17.636	8.53886 7.03872 19.9339
24.5058 2.92634 19.584	9.7408 11.2227 -3.51671
26.4689 0.973943 19.5852	11.9919 13.5512 -9.61087
24.5015 6.84302 19.5833	-6.17735 7.45429 -3.14065
26.4649 4.88777 19.5764	7.6097 7.00339 9.50179
24.494 10.7673 19.595	-9.17892 5.1428 -1.83786
26.4565 8.80557 19.5856	-1.32938 -4.17328 1.53792
28.4324 2.93296 19.5742	7.55706 15.604 6.3225
30.3934 0.980046 19.5831	-1.02141 9.36742 -15.6802
28.4257 6.85414 19.5747	5.83297 5.56425 13.2875
30.3956 4.89783 19.572	-3.91722 4.69176 9.0913
28.4172 10.7701 19.5866	-0.334068 -2.74698 7.24717
30.3858 8.82054 19.5824	1.45622 0.39998 9.79647
32.3575 2.93841 19.5816	-10.0838 0.985718 -3.73755
34.311 0.986149 19.5929	-0.810123 -0.55311 -11.7036
32.3553 6.86709 19.5773	-3.59802 -4.45648 0.164921
34.3154 4.90272 19.5803	-0.551515 -6.26186 2.33085
32.3429 10.7836 19.5906	-2.56118 2.09534 0.997882
34.313 8.83168 19.5867	1.40428 -14.2196 0.317491
24.5014 0.967374 21.5786	-26.6263 -33.7237 15.9904
26.461 2.93337 21.5605	-12.5754 -28.4565 6.13004
24.5052 4.89601 21.5611	-3.89518 -25.0582 1.8925
26.4644 6.85816 21.551	2.1654 -30.2377 -1.55182
24.5081 8.81933 21.5695	15.6733 -24.3081 6.04886
26.4636 10.7866 21.5674	17.0225 -20.1229 9.95078
28.4205 0.971077 21.5619	-15.0169 -21.9951 14.1582
30.3784 2.93964 21.5486	-9.80129 -22.0937 5.625
28.4199 4.90048 21.5399	-12.5467 -27.9333 -3.89144
30.3784 6.86137 21.5397	-10.5542 -22.7659 -5.10315
28.4191 8.82094 21.5495	10.6365 -25.7412 1.54763
30.3775 10.783 21.555	16.8091 -10.0039 0.284435
32.34 0.975261 21.5729	-13.4035 -10.0351 21.1151
34.3003 2.93672 21.5724	-5.96745 -13.0532 14.7488
32.3392 4.90206 21.5452	-7.92975 -20.6405 1.32439
34.3009 6.86183 21.5566	-0.0759906 -6.23306 -1.17358
32.3381 8.82209 21.5583	2.15125 -6.11378 -0.866833
34.3033 10.78 21.5736	-1.22289 -12.3282 5.62752
24.5062 12.7564 13.7047	-21.8433 -9.84595 -15.453
26.4747 14.716 13.7217	-21.4174 -5.00073 -5.42213
24.5126 16.6676 13.7214	-8.92772 -2.87067 0.557372
26.4821 18.6213 13.7302	-5.4186 -2.53157 -1.79769
24.5113 20.5728 13.7123	0.192892 2.29799 -12.7904
26.4771 22.532 13.7163	-3.91048 6.86569 -14.4334
28.4316 12.7502 13.7218	-21.132 -15.49 -8.66292
30.3974 14.7047 13.7359	-27.02 -23.0068 -1.51158
28.4429 16.6669 13.7411	-31.206 -7.48449 -2.78017
30.4083 18.62 13.7385	-27.454 3.10909 5.49161
28.444 20.5779 13.7317	-5.93805 4.1933 -0.965089
30.4019 22.5398 13.7222	-8.93809 10.0932 -9.07867
32.3471 12.739 13.7078	-35.9572 -23.35 -11.9387
34.3122 14.6939 13.7095	-40.8707 -20.7613 -12.3361
32.3626 16.6613 13.7331	-31.0514 -12.8348 1.37883
34.3228 18.6224 13.7197	-31.4743 0.0684898 2.84024
32.3691 20.5815 13.7216	-19.3786 9.86372 4.01333
34.3269 22.5452 13.7057	-20.8614 6.75599 -5.57388
24.5049 14.7002 15.6947	1.97145 12.4916 3.10457
26.4621 12.7437 15.6903	5.75069 16.5426 2.19995
24.5042 18.6213 15.6952	-6.13098 4.12046 10.7745
26.4646 16.6633 15.6982	-0.801456 12.2624 -4.38143
24.501 22.5463 15.6871	8.64744 14.9628 11.4901
26.4621 20.5883 15.6934	1.09975 0.414266 10.8304
28.4243 14.703 15.6966	2.53847 18.0431 -16.6195
30.3825 12.7387 15.6921	5.13144 25.6206 -13.0094
28.4248 18.6289 15.6993	-0.267574 3.25328 -6.67731
30.385 16.6686 15.6988	-5.46143 18.5852 -19.608
28.4236 22.5562 15.6918	7.93633 -4.66533 10.8364
30.3829 20.5957 15.6947	0.60946 -7.48269 -2.72025
32.344 14.699 15.6924	3.13483 16.8611 -16.3089
34.2972 12.7361 15.6821	12.8404 16.4676 -7.67401
32.3432 18.6333 15.6973	-4.9249 4.85424 -3.52067
34.2988 16.664 15.6943	13.6549 14.2609 -4.4454
32.3405 22.5579 15.6886	3.97532 -9.98721 5.09784
34.3013 20.5946 15.6921	4.06006 -8.10953 4.59705
24.4984 12.7263 17.6419	14.3036 25.5772 1.02977
26.4587 14.6879 17.6451	23.1159 23.7898 6.94251
24.5016 16.6551 17.6441	17.4019 21.9147 -0.995163
26.454 18.6239 17.6448	25.0942 0.798982 -6.24111
24.5051 20.5928 17.6425	8.74618 -17.619 4.43421
26.4574 22.557 17.6401	24.4893 -8.07505 -2.92383
28.4191 12.7284 17.6416	24.0754 28.4724 5.01265
30.3704 14.6961 17.6408	1.62358 22.1688 8.41575
28.4114 16.6551 17.6456	16.8115 27.5521 1.77683
30.3626 18.6227 17.6461	-2.06085 0.293589 -4.55733
28.4082 20.5897 17.6474	18.777 -17.7214 -8.00125
30.3652 22.5479 17.6447	-2.18853 -12.3502 -14.9609
32.3297 12.7379 17.6379	-4.87374 18.2806 13.153
34.2803 14.7048 17.6387	9.59319 23.6188 4.76094
32.3223 16.6631 17.6418	-7.77187 20.8877 3.33211
34.2793 18.6272 17.6383	14.973 -2.98005 -5.54988
32.3184 20.5851 17.6417	-5.84455 -16.512 -13.8002
34.2823 22.5416 17.6367	4.86463 -6.91977 -9.27244
24.4855 14.687 19.5929	-5.82012 6.7521 -14.7282
26.4477 12.725 19.5902	-3.12702 8.44569 -9.24397
24.4921 18.6199 19.5898	19.3251 -13.0522 -7.69315
26.4408 16.6493 19.5846	9.71183 3.74833 0.574716
24.4982 22.5453 19.5981	16.1383 -9.10359 -6.86465
26.4469 20.581 19.589	21.169 -16.6432 -1.53861
28.405 14.6854 19.5815	5.32467 -5.34672 -0.524899
30.3759 12.7335 19.5866	-1.73479 -1.83748 -0.213624
28.399 18.6109 19.5784	16.0578 -10.8244 7.37572
30.3642 16.6488 19.5784	2.32981 -6.74032 8.61171
28.4055 22.5359 19.5856	17.1598 -6.41612 2.62591
30.3615 20.57 19.5806	15.8154 -14.6689 7.9633
32.332 14.6963 19.5876	-2.92127 -5.97107 2.7882
34.3006 12.7452 19.5937	-0.811277 2.52481 -4.18846
32.3253 18.6126 19.5848	5.9116 -8.6183 11.0474
34.2885 16.6594 19.5865	9.28056 2.20792 5.95833
32.3252 22.5272 19.5885	12.6295 -10.0632 1.31622
34.2841 20.575 19.5953	14.187 -12.9802 8.02519
24.5023 12.7466 21.5835	23.9597 -18.3669 20.7427
26.4603 14.7035 21.5605	15.308 -12.7938 9.8508
24.493 16.6611 21.5576	5.24177 -15.2008 10.0635
26.4552 18.6134 21.5512	-5.12109 -6.37994 3.11622
24.4868 20.5681 21.5715	-11.3239 -2.08032 16.0796
26.4512 22.5211 21.5725	-17.0867 1.18012 14.6669
28.4213 12.7473 21.5558	16.7025 -6.64465 4.87545
30.3808 14.7051 21.5507	9.15186 -3.51795 2.96411
28.4208 16.6603 21.5425	11.5651 -3.7337 -2.95723
30.3827 18.6111 21.5419	3.46367 -0.630081 -0.911023
28.4183 20.5668 21.5538	-13.7783 0.441112 7.61525
30.3807 22.5199 21.5641	-22.4335 -3.15341 14.21
32.3409 12.7427 21.5621	8.98572 -14.4458 1.34479
34.3076 14.6979 21.5639	-3.77552 -8.70131 -0.0164649
32.3438 16.6545 21.5524	3.00943 2.57381 1.87195
34.3095 18.6071 21.5603	-2.81893 5.67281 -1.8318
32.3447 20.5644 21.562	-8.30347 2.64538 9.2719
34.3062 22.5248 21.5839	-17.0409 0.955554 22.9589
24.5106 24.489 13.6999	3.33491 12.9038 -17.0655
26.4685 26.4477 13.7205	-8.1965 14.3125 -10.3668
24.5046 28.4114 13.7208	-7.18574 10.4158 -7.78123
26.4596 30.3725 13.7273	-4.9633 23.8108 -10.9601
24.4967 32.3284 13.7095	-4.64973 19.0223 -18.1535
26.4506 34.2935 13.7105	-3.39851 19.7284 -21.6578
28.4362 24.4958 13.7238	-12.6474 12.937 -12.9016
30.3881 26.4619 13.7275	-13.3452 20.9053 -10.9803
28.4202 28.4107 13.742	-4.20806 18.4745 -9.74053
30.375 30.3699 13.7414	-1.59374 17.4213 -5.77653
28.4154 32.3304 13.7272	-2.93413 22.8706 -11.6234
30.3694 34.2897 13.7223	1.70044 8.56433 -18.9908
32.3579 24.5067 13.7128	-12.3314 13.1817 -15.259
34.3148 26.472 13.7137	-11.5358 11.7167 -9.32243
32.3423 28.4226 13.7266	-9.24536 23.0599 -1.6959
34.3016 30.3798 13.7165	-3.68395 13.3943 -3.00417
32.332 32.3325 13.7211	1.98775 3.63352 -14.7961
34.2962 34.2933 13.702	14.428 -1.5276 -27.6094
24.4923 26.4602 15.6892	2.1465 15.3058 1.41927
26.4575 24.511 15.6916	10.1554 8.11906 6.84742
24.4918 30.3864 15.6896	5.89756 3.00329 14.8043
26.4484 28.4248 15.6967	5.48321 1.62047 -6.99224
24.4906 34.3055 15.6806	5.99644 4.52815 25.7335
26.4508 32.3464 15.6904	10.8183 -0.0379664 16.0184
28.417 26.4718 15.7003	9.34209 -2.82906 -1.08147
30.3842 24.5197 15.6934	11.3234 -11.2178 12.5878
28.4127 30.3884 15.7043	12.4731 0.531316 -11.2682
30.3814 28.4334 15.7052	6.29012 -6.75677 -8.87953
28.4133 34.3001 15.6907	1.81082 4.58939 14.8163
30.3801 32.3461 15.6997	3.09175 -7.85822 -6.58875
32.3444 26.4774 15.6962	5.59354 -4.58133 3.11906
34.3008 24.5143 15.6868	4.61104 -2.12752 10.9092
32.3485 30.3933 15.6992	-0.475309 -8.83839 -11.775
34.3049 28.4334 15.6963	3.11485 -0.48499 -0.913215
32.3437 34.3039 15.6927	-4.12133 -2.78854 8.20905
34.3096 32.3501 15.6887	0.963708 -8.30506 -3.47935
24.4977 24.5182 17.641	7.79889 1.60836 1.81526
26.457 26.4795 17.6415	22.1057 4.91405 5.53194
24.4926 28.4367 17.6434	14.696 -9.95678 2.58498
26.4527 30.3976 17.6457	29.3716 -19.9412 6.07425
24.4935 32.3536 17.6425	28.2885 -45.1945 -16.863
26.4565 34.311 17.6443	28.5401 -24.9083 -25.416
28.4126 24.5194 17.6391	14.4478 -0.116193 -8.57072
30.3724 26.4774 17.6362	0.71772 15.6208 -5.2492
28.4176 28.4416 17.6399	27.4948 6.76993 12.3602
30.3798 30.3994 17.6414	9.87658 -5.7924 24.3245
28.4167 32.3522 17.6465	23.3094 -37.196 6.05423
30.381 34.3084 17.6467	0.737663 -16.8129 9.37228
32.325 24.5063 17.6381	-7.02531 6.17119 -4.80845
34.2893 26.463 17.6373	2.48999 13.2875 10.6965
32.3386 28.4348 17.6378	-9.50993 14.5146 7.66996
34.3014 30.3913 17.6435	-3.84828 -5.40011 10.5321
32.3431 32.3543 17.6433	-11.5211 -22.904 25.1145
34.3064 34.3098 17.643	-2.64234 0.430699 15.3282
24.5015 26.4665 19.5908	14.3059 -14.2223 -6.35751
26.459 24.5022 19.5905	14.9002 -5.95609 -2.50359
24.4969 30.3901 19.5852	-14.5724 -20.5364 -1.19312
26.4637 28.4255 19.5836	6.90383 -15.0166 -2.80242
24.4987 34.3075 19.5915	-11.9525 -13.2681 7.62611
26.46 32.35 19.5859	-11.3694 -27.6227 6.16994
28.4227 26.4578 19.5833	15.9087 1.3952 3.66681
30.3701 24.4885 19.5843	13.4242 3.83649 2.22479
28.4271 30.3875 19.5808	-2.15108 -17.0018 -1.323
30.3859 28.4158 19.5829	6.28233 -3.46364 3.09797
28.4252 34.3086 19.5862	-14.7903 -28.9369 9.22008
30.3879 32.3463 19.5844	-17.8485 -26.6178 -9.87335
32.335 26.4437 19.5843	13.0449 1.61883 -2.45848
34.2854 24.4857 19.5905	14.823 -3.23915 -11.23
32.3445 30.3781 19.5853	-8.21381 -9.06147 -15.2332
34.2954 28.4073 19.5838	11.2487 -3.90275 -8.97035
32.3436 34.304 19.5938	-27.2205 -9.67933 -16.1372
34.2994 32.3424 19.5919	-9.39907 -7.92183 -17.5008
24.4928 24.4846 21.5751	-13.2388 -1.1901 13.9592
26.4591 26.4412 21.557	-24.3286 -5.17318 4.36377
24.5101 28.4011 21.5608	-6.57856 7.86387 -0.680616
26.4743 30.3552 21.5508	0.899923 10.6993 1.40376
24.5201 32.3247 21.5684	1.52298 18.7945 4.41612
26.4828 34.2896 21.567	0.435215 13.3616 6.20198
28.4129 24.4739 21.5612	-26.7849 -6.65552 9.75243
30.3741 26.4326 21.5488	-21.0046 0.0571172 4.22674
28.4223 28.3972 21.542	-17.5033 4.4272 0.400383
30.3804 30.359 21.5433	-10.3096 5.75683 -4.89186
28.4324 32.3208 21.5495	3.63621 11.2442 0.951625
30.3889 34.292 21.5584	2.2626 1.49171 7.19512
32.3394 24.4796 21.5716	-25.0293 -2.28442 15.2646
34.2981 26.4436 21.5692	-19.5587 -5.70431 13.0778
32.3337 28.3975 21.5484	-15.0414 -8.34745 0.957816
34.292 30.3626 21.5577	-13.977 -13.237 6.66378
32.3352 32.3213 21.5596	-5.34201 -4.35795 6.1153
34.2939 34.2853 21.5774	4.22332 -4.59801 17.079
24.4933 36.2558 13.7046	-5.9585 12.2941 -19.3378
26.4515 38.2175 13.7217	2.15683 4.00853 -16.0731
24.4966 40.1817 13.7173	1.92674 8.05822 -4.73078
26.4551 42.1371 13.7277	20.3657 2.90097 -0.866136
24.4986 44.1031 13.7102	16.8141 -2.26941 -4.31901
26.4558 46.0646 13.7098	19.5684 -9.76617 -7.61479
28.4063 36.2535 13.7223	3.30587 9.18649 -18.5932
30.3675 38.2146 13.7318	21.3535 5.66028 -10.6789
28.4103 40.1783 13.7382	14.7538 2.26909 -7.24822
30.3676 42.1381 13.7391	22.3964 -15.587 -2.56231
28.4087 44.0967 13.7295	28.773 -10.1586 -6.05676
30.365 46.0591 13.7206	30.3894 -17.2356 -7.72434
32.3286 36.248 13.7143	21.7153 1.66924 -26.4688
34.29 38.2058 13.7121	26.2119 -13.0241 -15.3062
32.3281 40.1727 13.732	27.3032 -10.5532 -1.4382
34.2849 42.1317 13.722	28.2024 -13.0281 -1.24535
32.3254 44.0975 13.7198	26.093 -14.934 -2.9928
34.2843 46.0622 13.7043	29.2042 -7.21707 -11.3799
24.4974 38.2225 15.6902	16.697 -4.02679 16.449
26.4544 36.2582 15.6888	8.74234 5.97927 27.5143
24.505 42.149 15.6932	-1.44364 7.55257 0.229819
26.4581 40.1815 15.6988	9.31195 4.60053 8.4415
24.4993 46.0745 15.6844	-5.523 8.94411 0.0509398
26.4591 44.1087 15.69	-2.38504 1.84411 -10.9109
28.4182 38.2139 15.6976	1.80971 3.90447 17.0854
30.3763 36.2536 15.6936	-11.5002 12.2567 23.4197
28.4188 42.1415 15.7025	9.29599 1.76784 -1.90357
30.3797 40.1741 15.7027	0.17437 13.4698 8.5954
28.4174 46.0656 15.6903	0.267428 10.5708 -8.28131
30.3788 44.1038 15.6971	3.11779 3.40503 -6.58587
32.3369 38.2122 15.6968	-13.7617 17.7701 11.3157
34.304 36.2626 15.6891	-5.33941 17.5501 11.1007
32.3397 42.138 15.6996	-5.13351 6.30674 7.90577
34.2966 40.1757 15.6991	-10.7544 11.8618 3.15637
32.3368 46.0591 15.6884	-7.17122 14.3948 -0.32298
34.2963 44.0984 15.6911	-2.37496 4.19437 14.7644
24.4948 36.269 17.6344	25.9237 -2.97027 -16.4896
26.4583 38.2251 17.637	21.6657 5.50955 -16.8711
24.5 40.1895 17.6305	19.1658 12.499 0.334683
26.4581 42.148 17.6349	10.8286 -0.182813 10.1394
24.5017 44.1063 17.633	8.5162 -10.0114 15.1115
26.4616 46.0648 17.6371	15.7165 7.32136 13.0555
28.4176 36.266 17.6466	9.34859 2.97678 -19.986
30.3792 38.2252 17.6489	-16.4698 16.6457 -17.9006
28.4181 40.1866 17.6407	10.2332 23.1153 -15.0418
30.3782 42.1462 17.6401	-26.3958 0.163744 -14.1821
28.4185 44.1051 17.6373	-7.25037 -7.97749 11.55
30.3807 46.0599 17.639	-25.7104 5.50067 10.5308
32.3436 36.2671 17.6465	-19.6544 14.2134 4.64119
34.3046 38.2256 17.6445	-18.1468 22.8356 3.92551
32.3426 40.1842 17.6459	-38.5729 18.6841 -9.02291
34.3051 42.1408 17.6426	-30.051 -5.47664 -4.9913
32.3391 44.1005 17.6415	-40.0422 -16.1356 -11.8251
34.3024 46.0564 17.6424	-26.7722 0.387251 -7.48681
24.4964 38.2111 19.5868	-2.13655 -0.237947 2.53156
26.4598 36.261 19.5872	-4.92549 -13.0609 4.54534
24.4976 42.1359 19.5858	21.7097 -0.700171 -1.71921
26.4575 40.1738 19.5814	1.52997 0.0986607 8.7385
24.5024 46.0536 19.5953	12.7344 4.30022 -13.6949
26.4623 44.1006 19.5849	17.058 -0.141002 -11.4201
28.4198 38.2199 19.5789	-4.71466 -14.4437 6.31926
30.3854 36.2652 19.5855	-20.5476 -16.155 -2.96713
28.4217 42.143 19.5783	0.438535 -2.9382 -0.156154
30.3811 40.186 19.5783	-12.2121 -3.052 5.71854
28.4285 46.0612 19.5857	10.1282 7.38444 -18.6017
30.3869 44.1073 19.5823	1.39738 -8.42354 -5.89183
32.3423 38.2268 19.5883	-18.6908 -11.427 -6.01953
34.2965 36.2633 19.5997	-18.8574 -1.33353 -18.5416
32.3438 42.1473 19.5858	-15.4504 -9.31311 3.51846
34.2994 40.1872 19.5936	-16.1171 -7.31851 -10.7254
32.3504 46.0683 19.5892	-1.27591 -3.78501 -8.83026
34.3058 44.1074 19.5961	-8.65141 -15.4425 -2.53544
24.5219 36.2521 21.5776	-8.00534 9.02678 11.3636
26.4778 38.2184 21.556	-5.06115 3.16088 7.15446
24.5085 40.1738 21.5548	-17.7898 -3.19617 7.309
26.4677 42.1335 21.5496	-26.7725 -11.5134 6.57064
24.5 44.0815 21.5706	-34.9987 -24.4941 11.5746
26.4611 46.0418 21.5713	-31.2588 -26.9531 21.2031
28.4394 36.2588 21.5591	3.24757 5.44719 7.82035
30.3928 38.2226 21.55	3.93757 5.28066 7.58223
28.4312 40.1766 21.5365	-4.99394 -3.44696 2.80159
30.386 42.1352 21.54	2.45024 -2.07019 4.53547
28.4259 44.0914 21.554	-26.4365 -10.5701 9.31733
30.3839 46.0538 21.5629	-17.2193 -6.83289 15.2287
32.3465 36.2603 21.5662	4.49257 4.90546 14.689
34.3043 38.226 21.5651	8.66215 6.93628 11.6941
32.3483 40.1842 21.5529	11.9467 6.11766 5.44709
34.3073 42.1414 21.5632	-1.0023 5.22874 10.7666
32.3436 44.0972 21.5598	-4.35774 -2.0006 15.9481
34.3059 46.0585 21.5807	-8.07764 -5.99412 21.824
36.2464 0.985246 13.7062	23.6741 -4.80547 -11.0076
38.2128 2.94026 13.7234	16.5198 2.70812 -2.63941
36.2537 4.90326 13.7213	2.10386 2.30653 -2.352
38.2207 6.85212 13.7287	-0.154259 6.05687 -4.95261
36.256 8.803 13.712	-14.1775 -8.6095 -13.3966
38.2215 10.758 13.7126	-26.1712 -9.63757 -23.4229
40.1704 0.980785 13.7258	10.444 -0.930231 -3.36124
42.1364 2.93893 13.7362	8.53759 8.97101 -3.6688
40.1791 4.89582 13.7433	13.2389 6.90882 0.0366022
42.1442 6.84875 13.7424	8.0888 6.25736 4.43516
40.186 8.79885 13.7262	-5.44468 2.78415 -11.6488
42.1506 10.7534 13.7216	-7.36631 6.66087 -13.7083
44.0906 0.975447 13.7106	-3.81353 4.7878 -8.88048
46.0604 2.9283 13.7101	-5.15669 8.88547 -2.87725
44.1027 4.89237 13.7354	9.1897 16.1925 4.98919
46.0721 6.84614 13.7212	2.37669 21.3795 3.46786
44.1119 8.804 13.7221	0.686542 12.824 -3.41789
46.0789 10.7674 13.7027	-1.15842 12.9111 -14.536
36.2546 2.92895 15.6863	-3.60717 11.637 5.39506
38.2169 0.975423 15.6894	1.57389 -0.732699 0.812036
36.2495 6.85402 15.6878	1.70101 13.0453 2.57882
38.2104 4.89166 15.6919	-3.46544 4.46191 -10.9236
36.2485 10.778 15.681	12.4201 9.89911 5.45185
38.2068 8.81726 15.6865	4.60835 2.12991 5.9685
40.1766 2.93508 15.6963	-6.59129 0.289475 -8.78197
42.1433 0.983831 15.6922	1.01181 -6.02964 -4.80102
40.1707 6.86072 15.6963	-4.71489 1.96549 -10.8275
42.1395 4.90227 15.701	-12.7346 2.58872 -25.1369
40.1668 10.7775 15.6902	7.23034 5.07287 9.58998
42.133 8.8255 15.6949	-6.239 -6.45848 -6.17943
44.1029 2.94421 15.693	-4.49704 -0.161733 -5.14199
46.0623 0.988639 15.6837	12.4737 -5.42777 7.72242
44.1005 6.87007 15.6974	-20.1293 -6.75589 -24.6173
46.0607 4.90698 15.6946	-10.1676 -12.7751 -10.5444
44.0946 10.7837 15.6906	-7.11664 -0.400563 1.15207
46.0574 8.83135 15.6905	-18.774 -15.6418 -11.2362
36.2651 0.975261 17.6416	-5.45189 14.4563 1.64301
38.2223 2.93813 17.6454	14.7559 17.6385 9.5071
36.2641 4.90273 17.6441	12.6104 20.0194 8.6351
38.2211 6.86855 17.6491	28.5258 -0.694349 0.894835
36.2602 8.82977 17.6399	26.414 -12.8371 6.57654
38.215 10.7937 17.6418	32.6204 -10.5761 -6.45457
40.1841 0.976985 17.6384	-10.9049 -0.412355 -0.090958
42.1378 2.94242 17.6377	-16.4314 -0.83283 0.695367
40.1781 4.90573 17.6456	12.7965 7.18156 7.14187
42.1353 6.87099 17.6451	2.14507 -14.1132 10.7313
40.1752 8.8313 17.6522	22.373 -32.2013 -7.99244
42.1317 10.7934 17.6542	10.481 -17.6974 -8.80079
44.1004 0.98821 17.6418	-27.6978 -3.77538 2.63771
46.0571 2.95352 17.64	-8.58307 -4.45593 2.97434
44.0934 4.91015 17.6393	-16.0344 -9.69683 10.3894
46.0515 6.87422 17.6407	0.909025 -34.8105 14.8624
44.0934 8.8314 17.6456	-4.50968 -45.9791 10.2964
46.0517 10.7908 17.6438	13.6741 -29.2023 7.33017
36.2684 2.9427 19.5874	5.50903 -1.31507 -7.34796
38.2255 0.981867 19.5909	5.47779 -4.37193 -8.49665
36.2719 6.87169 19.5801	3.94243 -11.3765 5.25356
38.2247 4.90633 19.5774	6.11792 0.0448137 4.30399
36.2693 10.7944 19.593	6.82411 -10.7526 8.47267
38.2282 8.84004 19.5836	8.75751 -15.5197 18.5916
40.1841 2.94049 19.5832	2.58647 8.27465 3.85689
42.144 0.973707 19.5899	-8.66445 9.75252 -8.78622
40.1807 6.87373 19.5766	2.24803 -2.00618 10.148
42.1381 4.9032 19.5815	-0.276929 6.14292 3.92649
40.1843 10.8033 19.5842	13.6922 -10.1268 28.6308
42.1395 8.83674 19.5827	1.34893 -6.95836 9.74716
44.0975 2.93615 19.5889	-9.76042 12.7251 0.389203
46.0599 0.977224 19.5933	0.774872 19.8126 -9.70319
44.0933 6.86688 19.587	-0.50622 2.44272 -11.679
46.0539 4.90104 19.5904	-5.19934 10.0515 -4.44557
44.1 10.7943 19.5925	-2.27927 3.05011 5.862
46.0509 8.82921 19.5972	-0.451694 1.55363 -17.0435
36.2693 0.982525 21.5798	-8.62666 -2.87494 20.5403
38.228 2.94217 21.557	-9.08278 -2.45964 12.6925
36.2626 4.89746 21.5598	2.2345 -10.6029 -0.881119
38.2249 6.85162 21.55	-8.53943 -3.42066 -12.2213
36.2658 8.81584 21.5682	-10.5957 -6.53148 -3.48115
38.2266 10.7738 21.57	-12.0163 -0.468891 -3.23977
40.1865 0.979116 21.5566	4.78877 1.71364 15.7848
42.1481 2.93515 21.5503	6.91967 10.5853 7.84599
40.1883 4.89328 21.5438	-9.31333 0.901443 0.172099
42.148 6.84725 21.5471	-9.22359 7.06558 -3.91815
40.1858 8.81163 21.5494	-15.1545 4.02814 -9.60964
42.1423 10.7745 21.5602	-19.3064 5.97557 -0.985653
44.1031 0.973633 21.5648	15.5813 7.7006 19.4368
46.0656 2.93361 21.5644	11.5039 8.3783 13.4753
44.1072 4.88984 21.5514	5.59341 7.11263 3.62013
46.0631 6.84649 21.56	-7.31535 6.97049 11.6836
44.1031 8.80398 21.5637	-13.0326 10.2981 4.72678
46.0574 10.7673 21.581	-11.5163 12.6175 13.3005
36.2659 12.7251 13.6988	-41.3522 -11.206 -19.2809
38.2304 14.6813 13.7184	-46.2604 -10.3926 -10.9595
36.2739 16.6508 13.7202	-38.3153 -16.0215 -1.08083
38.2345 18.609 13.7282	-46.6155 -15.6708 13.2966
36.2852 20.5811 13.7089	-36.8676 1.58641 1.01368
38.2408 22.5459 13.7092	-31.5357 -4.46833 1.85122
40.1883 12.7173 13.7236	-30.6273 -1.77855 -14.8017
42.1493 14.6838 13.7299	-33.3204 1.99217 -1.58976
40.1896 16.6426 13.7341	-56.2783 -16.6368 4.77957
42.1441 18.6061 13.7386	-52.9209 -21.9482 1.1196
40.1897 20.5738 13.7312	-46.8301 -17.8266 8.17191
42.1459 22.5356 13.7224	-35.9491 -18.9515 -1.58037
44.1105 12.7198 13.7161	-5.95135 3.67184 -14.7111
46.0691 14.6869 13.7145	-12.302 -2.44491 -11.9549
44.1048 16.6465 13.7289	-34.6341 -4.49461 -1.38193
46.0608 18.6038 13.7188	-32.996 -8.64734 -0.344043
44.1005 20.5661 13.7179	-39.2222 -18.3614 -3.11298
46.0596 22.5274 13.6991	-33.7528 -28.582 -11.7514
36.2512 14.6961 15.693	24.9107 13.9543 -4.29763
38.2068 12.7358 15.6936	24.2058 17.0399 6.68162
36.2552 18.6268 15.6955	16.5798 4.21889 -6.5469
38.2069 16.6569 15.7038	33.1088 12.9453 -18.9628
36.2579 22.5504 15.6859	8.18957 -10.2599 0.834227
38.2127 20.5859 15.6931	7.89461 -9.43754 -22.4819
40.1677 14.6943 15.7018	22.6458 3.37867 -9.79944
42.1283 12.7351 15.6944	1.36558 1.89675 15.8888
40.1663 18.6139 15.704	22.8065 4.39241 -22.1896
42.1281 16.6504 15.7039	17.1303 0.755161 -10.4956
40.1751 22.5406 15.6924	8.53458 5.20182 -21.8455
42.1344 20.5729 15.6961	10.49 12.4951 -22.7411
44.0903 14.6928 15.6947	-3.23412 -5.10403 2.84009
46.056 12.7374 15.6894	-8.06368 4.75257 6.09975
44.0931 18.6105 15.6957	16.2041 2.46226 -3.16199
46.0549 16.6525 15.6943	10.332 -1.24293 -7.41727
44.1039 22.5295 15.6864	1.26045 21.837 -10.9316
46.0577 20.5729 15.6852	17.7311 1.15295 4.25475
36.2494 12.7498 17.6355	29.4574 22.0472 3.2965
38.2059 14.7133 17.632	41.8233 24.4161 -5.04912
36.2407 16.6705 17.6365	33.8226 22.7966 1.77468
38.2044 18.6292 17.6367	45.3374 -5.66322 10.4593
36.2414 20.5849 17.6368	25.8972 -27.4519 0.269141
38.2073 22.5377 17.639	35.714 -7.30042 7.67383
40.1728 12.7544 17.6443	36.7097 9.80825 -15.7898
42.1339 14.7157 17.6456	18.3876 5.64972 -15.5255
40.1677 16.673 17.6337	35.5872 22.8649 -4.65974
42.1346 18.6271 17.6358	18.6092 -4.32952 3.74831
40.1706 20.5831 17.6359	40.6563 -19.8587 19.1709
42.1334 22.5372 17.6384	19.0259 6.54563 19.8106
44.0934 12.7523 17.6518	-1.27179 1.62246 -9.2358
46.058 14.7104 17.6506	5.72887 4.22119 -1.03981
44.0968 16.6746 17.6468	-0.934264 12.28 -7.54084
46.0608 18.6297 17.6496	3.32505 7.71966 -5.02862
44.0987 20.5829 17.6433	14.5471 -13.6591 10.9211
46.0578 22.5431 17.6458	7.52617 6.87136 4.11385
36.2607 14.706 19.5928	11.7501 1.2078 8.15506
38.2261 12.7554 19.5924	12.5001 -2.78566 14.8564
36.2463 18.6233 19.5893	19.1326 -4.91926 2.33847
38.2196 16.6691 19.5874	16.1194 3.24558 17.9697
36.2424 22.5353 19.596	16.0605 0.643623 -7.39725
38.2089 20.5841 19.5903	16.2766 -7.32816 -6.12946
40.1868 14.7157 19.5858	8.84922 4.8759 25.6188
42.1457 12.7584 19.5848	7.62039 2.54685 19.2853
40.1818 18.6318 19.5855	5.92299 -5.66073 7.87671
42.1495 16.6778 19.583	-2.7461 9.38445 26.5086
40.1714 22.5436 19.5853	10.2076 1.47872 -13.6369
42.1427 20.5928 19.5871	0.396647 -8.44825 -5.14291
44.1081 14.7124 19.585	-0.298592 -1.59405 7.90357
46.058 12.7467 19.5957	8.87909 -0.594046 -9.80279
44.1101 18.6352 19.5848	-9.73499 1.58986 3.91135
46.0693 16.6686 19.5847	-1.8998 1.3056 -1.61166
44.0982 22.555 19.5906	-5.89389 -0.500936 -5.46183
46.0663 20.5954 19.5903	-11.2506 2.95863 -2.41701
36.2675 12.7377 21.5739	-5.98513 -8.25357 3.87201
38.2327 14.7004 21.5569	-2.84613 5.48788 -7.27112
36.2773 16.658 21.5556	-4.68783 5.73279 -2.36559
38.2409 18.617 21.5505	-10.5733 4.04783 0.857861
36.2727 20.5669 21.5705	-12.4171 -1.0135 7.56055
38.231 22.5309 21.5685	-11.4328 -2.6941 20.2372
40.1842 12.7375 21.5605	-8.16902 7.17217 -8.52162
42.1426 14.6979 21.5492	-8.77489 3.18815 -6.46822
40.1932 16.6584 21.54	-8.79293 3.42169 -13.3089
42.1483 18.6197 21.544	0.664778 3.81544 -6.52082
40.1953 20.5761 21.5543	-4.093 3.52181 12.1553
42.1493 22.54 21.5629	10.1122 2.18022 16.149
44.1007 12.7372 21.5732	-23.4668 6.35148 5.16027
46.0586 14.7024 21.571	-14.4009 9.68796 9.89096
44.0994 16.6603 21.5493	0.190053 3.67852 0.306931
46.0583 18.6232 21.5602	13.8927 5.14956 4.9305
44.1051 20.5829 21.5608	16.2264 3.35974 5.74521
46.0622 22.5434 21.5781	16.3249 -12.4589 14.0487
36.2812 24.5133 13.7027	-11.7642 2.41168 -11.4308
38.2386 26.4755 13.7224	-4.93641 -4.93842 -10.8162
36.2764 28.4314 13.7228	-11.3134 4.49463 -4.03642
38.2393 30.3832 13.7282	2.91208 -3.26195 -6.53666
36.2651 32.3321 13.7085	11.8587 -2.14058 -16.4525
38.2265 34.2877 13.7104	25.772 -16.7072 -19.9555
40.1941 24.506 13.7246	-24.3704 -11.3181 4.52265
42.1496 26.461 13.7333	-8.67148 -20.862 3.98489
40.1965 28.4297 13.7382	3.76321 -16.4389 -1.53743
42.1542 30.3851 13.737	17.6839 -18.5092 -0.932479
40.1982 32.3375 13.7262	22.7502 -12.7066 -15.2326
42.1514 34.2991 13.7168	29.803 -21.6408 -23.5382
44.1045 24.4967 13.7117	-27.5178 -27.3965 -7.90643
46.0642 26.4567 13.7097	-16.98 -29.1371 -11.6586
44.1073 28.4174 13.7305	8.36372 -24.6364 -2.90989
46.0681 30.3754 13.7209	19.4914 -21.8041 -3.53776
44.1113 32.3409 13.7178	27.384 -19.7712 -9.56477
46.0669 34.3024 13.6955	24.9939 -22.2958 -18.2882
36.2625 26.4663 15.6901	6.95387 4.22464 10.2729
38.2162 24.5016 15.6867	10.2856 -0.76375 2.56352
36.2653 30.3903 15.6922	1.08571 4.26012 8.38124
38.2248 28.423 15.6947	5.98404 7.2411 3.93467
36.2692 34.3094 15.6841	1.68225 11.3325 6.82524
38.2267 32.3465 15.6888	-7.15355 5.11251 6.18593
40.182 26.4543 15.6949	3.28693 9.67061 -1.69619
42.1448 24.4925 15.6918	2.47219 18.4266 -6.91399
40.1882 30.3801 15.6958	-10.7864 4.95913 1.36681
42.1487 28.4106 15.6993	-9.05616 6.35308 -7.75814
40.1883 34.3009 15.6907	-9.05877 13.5357 4.1723
42.1492 32.3364 15.6931	-15.7847 -0.368222 6.82709
44.1089 26.4457 15.6952	-6.89875 15.443 1.09889
46.0659 24.4871 15.6868	1.55607 16.1282 7.20589
44.1082 30.3686 15.6974	-18.025 6.76848 -2.89835
46.0674 28.4021 15.6987	-8.17409 14.9987 2.59233
44.1055 34.294 15.6847	-11.8854 5.79961 0.487246
46.0623 32.3287 15.6896	-13.8012 4.69808 -5.82107
36.249 24.495 17.6373	24.4273 6.97947 1.98048
38.2129 26.4519 17.6398	29.1843 16.6642 0.462464
36.2544 28.4183 17.6383	11.5757 15.9311 0.22256
38.2142 30.3781 17.6388	16.6532 6.40135 -8.21735
36.2622 32.3485 17.6427	17.0326 -9.43894 6.26931
38.2238 34.3059 17.6411	13.779 4.85204 7.02966
40.173 24.4939 17.642	28.2403 20.4436 5.42215
42.1318 26.4525 17.6426	-4.39159 30.4098 -5.14489
40.1682 28.4134 17.6428	6.83989 17.1981 -5.29075
42.1266 30.375 17.6411	-13.3615 14.4566 -7.02904
40.1729 32.3361 17.6381	6.22873 -10.8408 -12.7269
42.1349 34.2954 17.6364	-17.0728 5.21321 -9.03828
44.0938 24.495 17.6399	-6.48157 29.4686 5.74086
46.0533 26.4558 17.6369	-6.89282 34.5625 -3.6421
44.0899 28.4162 17.6395	-21.1192 33.0751 -2.66869
46.0523 30.3758 17.6372	-9.90579 18.5787 10.1704
44.0901 32.3321 17.638	-26.0934 -3.69546 2.0259
46.0529 34.2885 17.6385	-10.0558 9.24049 11.4899
36.2457 26.4461 19.5836	18.9491 2.42243 -5.2029
38.205 24.4955 19.5853	17.2198 10.5517 -13.3949
36.2523 30.3757 19.5861	7.73438 -6.73981 -5.75095
38.2038 28.4098 19.5756	19.4074 3.36284 8.54499
36.2528 34.305 19.5977	-5.28717 2.92437 -14.231
38.2101 32.3432 19.5875	8.64427 -4.64253 1.10248
40.1658 26.4558 19.5756	14.479 7.18516 4.3336
42.1306 24.5055 19.5818	1.65363 2.10882 -7.64723
40.1626 30.3792 19.5741	17.0828 7.76357 13.5837
42.1255 28.421 19.5713	4.51835 3.44524 12.3744
40.1731 34.3063 19.5866	1.86459 8.1068 5.94971
42.1284 32.3452 19.5819	7.58156 3.85373 15.1008
44.0892 26.4669 19.5837	-6.69835 8.63983 -1.2576
46.0521 24.5148 19.5944	-5.00049 11.7111 -12.2643
44.0882 30.3892 19.5775	7.23012 -0.379023 0.433595
46.0501 28.429 19.5859	7.57098 12.556 -0.579892
44.0954 34.3042 19.588	-1.89886 5.3662 1.10312
46.0524 32.3506 19.5892	9.33291 -7.70509 -9.67876
36.2666 24.4887 21.5804	-20.5055 -2.70801 25.134
38.2226 26.4558 21.5593	-17.6645 0.606709 5.95095
36.2558 28.4084 21.5585	-12.923 -11.7257 6.57093
38.2129 30.3764 21.5476	-4.96576 -9.20541 0.0999674
36.2526 32.3295 21.5677	-9.28415 -6.53907 4.97994
38.2113 34.2972 21.5663	-10.9399 -9.70991 2.25303
40.1874 24.5014 21.5583	0.692828 2.53694 14.8502
42.1443 26.4685 21.5504	-2.62689 -12.0187 7.59143
40.179 28.4217 21.5416	-11.1749 -13.7472 -0.659116
42.138 30.3839 21.5421	-11.9744 -16.9951 -2.26151
40.1713 32.3408 21.5444	-13.5441 -9.07359 -3.85145
42.1292 34.3031 21.5531	-18.9615 -11.1894 -2.85877
44.1036 24.5039 21.5693	4.26036 -17.7004 13.96
46.0637 26.4678 21.5665	0.362792 -20.964 13.6748
44.1036 28.4307 21.5498	-10.2467 -13.9424 0.267275
46.0619 30.3938 21.5618	-11.6237 -9.15194 2.91287
44.0948 32.3502 21.5613	-9.64792 -12.9503 2.08237
46.0585 34.3152 21.5775	-17.1865 -13.1656 14.2236
36.2597 36.2516 13.7011	17.9864 -12.5853 -18.6478
38.2148 38.2127 13.7206	12.8521 -20.8558 -11.6417
36.2481 40.1688 13.7238	24.6215 -19.8766 -5.76363
38.2048 42.1342 13.7322	22.2238 -17.6816 0.136939
36.2439 44.095 13.7098	28.8638 -9.38465 -9.84033
38.2063 46.0589 13.7128	16.6389 -5.77091 -5.52489
40.1817 36.2535 13.7205	24.887 -30.1773 -19.9147
42.1321 38.2179 13.7314	19.9538 -26.3284 -12.631
40.1647 40.1716 13.7394	11.3523 -19.2301 -4.70644
42.1187 42.1312 13.7394	8.68991 -13.5136 -1.59573
40.1628 44.0976 13.7349	10.0769 -6.83787 5.15603
42.1229 46.0591 13.7251	2.1966 -2.6354 -3.23339
44.101 36.2625 13.7095	28.6665 -22.645 -19.1022
46.0545 38.2243 13.7124	25.0882 -17.5535 -17.1262
44.0867 40.1807 13.7302	12.1243 -16.8523 -7.82827
46.0433 42.1382 13.7179	-5.21152 -11.8593 -7.92583
44.0766 44.0914 13.7201	-0.446417 -6.85336 -10.8092
46.0428 46.0478 13.7028	-8.07486 0.160827 -20.942
36.2616 38.2201 15.6943	-1.12659 16.9127 3.52798
38.2273 36.2652 15.6879	-0.32241 18.7163 9.28081
36.2577 42.1396 15.6968	-4.63359 7.02422 12.3874
38.2209 40.1817 15.7007	6.84791 16.9033 -3.79174
36.2549 46.0572 15.6883	7.64502 6.68969 9.44992
38.2181 44.1034 15.6953	7.92084 2.85225 1.60208
40.1851 38.2239 15.6963	0.763391 14.8631 -3.66812
42.1468 36.2578 15.6929	-7.79892 17.3266 9.50206
40.181 42.145 15.6992	7.32784 8.11245 -7.64928
42.1461 40.1864 15.7007	1.59576 15.8853 -6.43273
40.1812 46.0644 15.695	11.2823 -8.60945 -12.0552
42.1432 44.1073 15.6939	5.72685 -5.92158 -7.97461
44.104 38.2176 15.6924	-7.60032 9.28437 8.53073
46.056 36.2496 15.6812	-12.4979 5.08717 8.07472
44.105 42.1461 15.6959	4.51833 -3.37384 9.22676
46.0588 40.1779 15.691	2.44316 -0.652871 7.7483
44.1041 46.0688 15.6865	4.23743 -7.05332 -0.105727
46.0607 44.1062 15.6867	13.3493 -15.9241 16.8618
36.2686 36.2671 17.6435	12.7116 19.7536 11.7241
38.2297 38.226 17.6423	8.60077 15.9852 3.34487
36.2677 40.1839 17.6419	-15.0954 17.7791 2.50278
38.229 42.1411 17.6408	-5.90997 -4.58607 -3.81179
36.2655 44.099 17.6387	-15.3027 -20.1407 -10.0826
38.2267 46.0567 17.6366	-7.05249 -5.25692 -5.68388
40.1854 36.2618 17.6375	3.04998 21.1965 3.73568
42.1476 38.222 17.6366	-9.91324 23.4678 2.02123
40.1909 40.1874 17.6429	0.502514 28.1576 -1.33278
42.152 42.1483 17.6453	-19.7956 -0.673309 -1.58598
40.1884 44.1008 17.6406	-11.8526 -26.2215 0.207301
42.1451 46.0618 17.6416	-31.7925 -22.6347 2.84222
44.0986 36.2511 17.6382	-25.31 26.3674 -0.623227
46.0632 38.2084 17.6391	-5.11834 26.9622 -1.9214
44.1089 40.1845 17.638	-21.9295 25.3733 -2.57898
46.0697 42.1479 17.637	-13.775 3.24824 -10.4001
44.1097 44.1091 17.6437	-32.6488 -26.4126 -5.34399
46.0633 46.0744 17.6409	-14.7517 -10.222 -3.82205
36.2549 38.2236 19.5985	-13.7683 -5.90986 -16.5555
38.2129 36.2637 19.5938	-11.0374 7.08807 -13.6466
36.2603 42.1451 19.5968	-7.87035 -8.0439 -15.2513
38.2194 40.183 19.5904	-6.85726 6.01824 -8.21574
36.2661 46.0663 19.5998	1.06834 -10.6552 -4.44968
38.2233 44.1017 19.5975	-0.920619 -12.4704 -0.0213244
40.1815 38.2212 19.5865	-12.7638 3.23399 -0.438364
42.1402 36.2621 19.5857	-4.75498 11.3079 -3.49732
40.1853 42.1402 19.5846	-3.28229 3.03949 -1.54805
42.1502 40.1781 19.5809	-11.1143 14.592 8.68703
40.1859 46.0562 19.5933	-3.32953 -4.61487 -2.51168
42.1506 44.0985 19.5866	-10.7774 -5.34442 -0.0809309
44.1062 38.2166 19.5837	-10.2481 15.2422 1.70398
46.0611 36.2602 19.5873	0.507834 15.2932 -10.4324
44.1132 42.1387 19.5826	-12.6838 9.34258 4.14685
46.0672 40.1778 19.5824	-11.7397 15.045 1.71389
44.1086 46.0558 19.5923	-9.82878 4.54001 -9.87429
46.0688 44.1018 19.5901	-5.81129 4.51415 -4.30827
36.2522 36.2549 21.5746	8.41298 -4.89236 14.8468
38.2128 38.2182 21.5544	2.73009 -10.5215 10.6776
36.2646 40.183 21.557	-3.78365 3.05349 9.40262
38.2251 42.1386 21.5511	5.35187 13.4347 5.65051
36.2681 44.0987 21.5704	1.34341 8.66613 13.1103
38.2272 46.0603 21.5677	4.7635 5.84797 14.6682
40.1694 36.2589 21.5556	-13.4125 -8.79966 0.922048
42.1293 38.2217 21.549	-1.1283 2.57862 0.782898
40.1737 40.1805 21.539	9.87196 -3.277 3.67707
42.1342 42.1402 21.5389	8.35592 -1.59219 -1.68067
40.1829 44.0968 21.5528	12.4969 12.6307 5.38892
42.1427 46.0523 21.5598	10.632 1.4221 15.2973
44.0948 36.268 21.5658	-19.8659 -8.62186 7.14414
46.0623 38.2304 21.5668	-17.4371 -9.65009 7.99792
44.0913 40.1794 21.5478	2.55461 -3.41647 -2.49891
46.0611 42.1333 21.5566	-2.28274 -2.67054 1.41349
44.1008 44.0949 21.5574	0.0860061 -1.9973 7.80401
46.0666 46.0535 21.5792	4.11882 7.34886 19.2604
